Distances between estimated and original density matrices using various distances:

Number of purity values tried = 2000
Number of density matrices per purity parameter = 500
Total number of measurements = 500

PURITY, 	OPERATOR, 	TRACE, 		FIDELITY, 	NON PHYSICAL
0.00000,	0.03207,	0.04536, 	0.06275, 	0.49400
0.00050,	0.03315,	0.04689, 	0.06400, 	0.49800
0.00100,	0.03375,	0.04772, 	0.06233, 	0.49400
0.00150,	0.03297,	0.04663, 	0.06569, 	0.47200
0.00200,	0.03261,	0.04612, 	0.06616, 	0.48200
0.00250,	0.03215,	0.04547, 	0.06637, 	0.46200
0.00300,	0.03303,	0.04672, 	0.06736, 	0.46600
0.00350,	0.03209,	0.04538, 	0.06984, 	0.42200
0.00400,	0.03205,	0.04532, 	0.06841, 	0.44400
0.00450,	0.03329,	0.04708, 	0.07320, 	0.36400
0.00500,	0.03225,	0.04561, 	0.07148, 	0.38800
0.00550,	0.03389,	0.04793, 	0.07230, 	0.42200
0.00600,	0.03311,	0.04682, 	0.07177, 	0.39600
0.00650,	0.03289,	0.04652, 	0.07458, 	0.40000
0.00700,	0.03253,	0.04600, 	0.07040, 	0.39000
0.00750,	0.03254,	0.04602, 	0.07283, 	0.37600
0.00800,	0.03355,	0.04744, 	0.07624, 	0.42800
0.00850,	0.03236,	0.04577, 	0.07151, 	0.32400
0.00900,	0.03314,	0.04686, 	0.07412, 	0.34600
0.00950,	0.03487,	0.04931, 	0.07695, 	0.38600
0.01000,	0.03289,	0.04651, 	0.07131, 	0.29800
0.01050,	0.03105,	0.04391, 	0.07029, 	0.27800
0.01100,	0.03385,	0.04787, 	0.07495, 	0.29000
0.01150,	0.03339,	0.04722, 	0.07521, 	0.29400
0.01200,	0.03213,	0.04544, 	0.07249, 	0.30400
0.01250,	0.03205,	0.04532, 	0.07083, 	0.27800
0.01300,	0.03319,	0.04694, 	0.07596, 	0.30600
0.01350,	0.03395,	0.04801, 	0.07548, 	0.26200
0.01400,	0.03308,	0.04678, 	0.07193, 	0.24000
0.01450,	0.03323,	0.04699, 	0.07605, 	0.27200
0.01500,	0.03374,	0.04771, 	0.07443, 	0.26000
0.01550,	0.03371,	0.04767, 	0.07387, 	0.21800
0.01600,	0.03385,	0.04787, 	0.07451, 	0.23600
0.01650,	0.03363,	0.04757, 	0.07625, 	0.25200
0.01700,	0.03408,	0.04820, 	0.07701, 	0.24400
0.01750,	0.03332,	0.04712, 	0.07343, 	0.23000
0.01800,	0.03325,	0.04702, 	0.07147, 	0.16400
0.01850,	0.03271,	0.04626, 	0.07282, 	0.20200
0.01900,	0.03225,	0.04562, 	0.06910, 	0.16400
0.01950,	0.03325,	0.04703, 	0.07399, 	0.19600
0.02000,	0.03311,	0.04682, 	0.06994, 	0.16600
0.02050,	0.03205,	0.04532, 	0.06984, 	0.15600
0.02100,	0.03312,	0.04684, 	0.06953, 	0.15200
0.02150,	0.03295,	0.04660, 	0.07027, 	0.14400
0.02200,	0.03405,	0.04815, 	0.07289, 	0.17800
0.02250,	0.03324,	0.04701, 	0.07356, 	0.19000
0.02300,	0.03434,	0.04857, 	0.07186, 	0.13800
0.02350,	0.03397,	0.04804, 	0.07260, 	0.16200
0.02400,	0.03408,	0.04820, 	0.06846, 	0.12800
0.02450,	0.03335,	0.04716, 	0.06852, 	0.12200
0.02500,	0.03482,	0.04924, 	0.06921, 	0.12200
0.02550,	0.03334,	0.04715, 	0.07014, 	0.11400
0.02600,	0.03268,	0.04621, 	0.06510, 	0.09600
0.02650,	0.03317,	0.04691, 	0.06650, 	0.10400
0.02700,	0.03346,	0.04732, 	0.06910, 	0.11400
0.02750,	0.03416,	0.04831, 	0.07029, 	0.12400
0.02800,	0.03303,	0.04670, 	0.06439, 	0.09400
0.02850,	0.03422,	0.04839, 	0.06632, 	0.09000
0.02900,	0.03329,	0.04707, 	0.06544, 	0.07400
0.02950,	0.03350,	0.04737, 	0.06885, 	0.10800
0.03000,	0.03296,	0.04662, 	0.06577, 	0.07800
0.03050,	0.03383,	0.04785, 	0.06365, 	0.06800
0.03100,	0.03325,	0.04702, 	0.06480, 	0.08000
0.03150,	0.03366,	0.04761, 	0.06318, 	0.06600
0.03200,	0.03467,	0.04903, 	0.06618, 	0.07800
0.03250,	0.03368,	0.04763, 	0.06030, 	0.04800
0.03300,	0.03440,	0.04865, 	0.06296, 	0.07000
0.03350,	0.03376,	0.04775, 	0.06481, 	0.06000
0.03400,	0.03208,	0.04536, 	0.05953, 	0.06200
0.03450,	0.03304,	0.04673, 	0.06214, 	0.05800
0.03500,	0.03254,	0.04602, 	0.05928, 	0.04600
0.03550,	0.03507,	0.04960, 	0.06503, 	0.05600
0.03600,	0.03411,	0.04823, 	0.06095, 	0.03200
0.03650,	0.03507,	0.04959, 	0.06346, 	0.06600
0.03700,	0.03394,	0.04800, 	0.06171, 	0.03400
0.03750,	0.03366,	0.04760, 	0.06018, 	0.03000
0.03800,	0.03370,	0.04766, 	0.05905, 	0.02600
0.03850,	0.03470,	0.04907, 	0.06217, 	0.03400
0.03900,	0.03331,	0.04710, 	0.05745, 	0.03200
0.03950,	0.03395,	0.04802, 	0.06144, 	0.04800
0.04000,	0.03385,	0.04787, 	0.05787, 	0.02800
0.04050,	0.03420,	0.04836, 	0.05739, 	0.01400
0.04100,	0.03335,	0.04716, 	0.05525, 	0.02200
0.04150,	0.03341,	0.04725, 	0.05633, 	0.02000
0.04200,	0.03451,	0.04881, 	0.05769, 	0.01400
0.04250,	0.03348,	0.04735, 	0.05708, 	0.02400
0.04300,	0.03560,	0.05034, 	0.05770, 	0.01800
0.04350,	0.03422,	0.04840, 	0.05632, 	0.02200
0.04400,	0.03325,	0.04703, 	0.05401, 	0.01800
0.04450,	0.03261,	0.04612, 	0.05286, 	0.01600
0.04500,	0.03472,	0.04911, 	0.05589, 	0.01000
0.04550,	0.03268,	0.04622, 	0.05483, 	0.01400
0.04600,	0.03404,	0.04815, 	0.05532, 	0.01400
0.04650,	0.03406,	0.04816, 	0.05382, 	0.00600
0.04700,	0.03465,	0.04900, 	0.05543, 	0.00600
0.04750,	0.03437,	0.04861, 	0.05555, 	0.01200
0.04800,	0.03436,	0.04859, 	0.05545, 	0.02000
0.04850,	0.03341,	0.04725, 	0.05254, 	0.01200
0.04900,	0.03350,	0.04738, 	0.05291, 	0.01000
0.04950,	0.03400,	0.04808, 	0.05279, 	0.00400
0.05000,	0.03397,	0.04805, 	0.05455, 	0.01400
0.05050,	0.03505,	0.04957, 	0.05531, 	0.01400
0.05100,	0.03441,	0.04867, 	0.05199, 	0.01200
0.05150,	0.03411,	0.04824, 	0.05302, 	0.01000
0.05200,	0.03399,	0.04807, 	0.05229, 	0.00400
0.05250,	0.03387,	0.04791, 	0.05221, 	0.00800
0.05300,	0.03351,	0.04739, 	0.05171, 	0.01000
0.05350,	0.03447,	0.04875, 	0.05265, 	0.00800
0.05400,	0.03325,	0.04702, 	0.05130, 	0.00800
0.05450,	0.03473,	0.04911, 	0.05296, 	0.00600
0.05500,	0.03422,	0.04839, 	0.05176, 	0.00200
0.05550,	0.03444,	0.04871, 	0.05082, 	0.00400
0.05600,	0.03366,	0.04760, 	0.04821, 	0.00000
0.05650,	0.03414,	0.04829, 	0.05360, 	0.01200
0.05700,	0.03411,	0.04824, 	0.04951, 	0.00400
0.05750,	0.03395,	0.04801, 	0.04959, 	0.00000
0.05800,	0.03499,	0.04948, 	0.05245, 	0.00200
0.05850,	0.03416,	0.04831, 	0.04936, 	0.00600
0.05900,	0.03457,	0.04890, 	0.05063, 	0.00000
0.05950,	0.03392,	0.04797, 	0.04941, 	0.00200
0.06000,	0.03249,	0.04595, 	0.04730, 	0.00200
0.06050,	0.03427,	0.04846, 	0.05058, 	0.00200
0.06100,	0.03456,	0.04888, 	0.04963, 	0.00600
0.06150,	0.03371,	0.04768, 	0.04833, 	0.00400
0.06200,	0.03436,	0.04860, 	0.05018, 	0.00200
0.06250,	0.03564,	0.05041, 	0.05081, 	0.00000
0.06300,	0.03458,	0.04890, 	0.05023, 	0.00400
0.06350,	0.03324,	0.04700, 	0.04790, 	0.00000
0.06400,	0.03474,	0.04913, 	0.04943, 	0.00200
0.06450,	0.03446,	0.04873, 	0.04970, 	0.00200
0.06500,	0.03327,	0.04705, 	0.04765, 	0.00000
0.06550,	0.03535,	0.04999, 	0.05153, 	0.00200
0.06600,	0.03465,	0.04901, 	0.04820, 	0.00000
0.06650,	0.03510,	0.04964, 	0.05050, 	0.00600
0.06700,	0.03416,	0.04831, 	0.04766, 	0.00000
0.06750,	0.03504,	0.04956, 	0.05029, 	0.00000
0.06800,	0.03533,	0.04997, 	0.05031, 	0.00000
0.06850,	0.03411,	0.04824, 	0.04699, 	0.00000
0.06900,	0.03437,	0.04861, 	0.04801, 	0.00000
0.06950,	0.03484,	0.04927, 	0.04926, 	0.00000
0.07000,	0.03464,	0.04899, 	0.04895, 	0.00000
0.07050,	0.03482,	0.04925, 	0.04908, 	0.00200
0.07100,	0.03539,	0.05005, 	0.04991, 	0.00000
0.07150,	0.03440,	0.04865, 	0.04699, 	0.00000
0.07200,	0.03499,	0.04948, 	0.04768, 	0.00000
0.07250,	0.03420,	0.04836, 	0.04756, 	0.00200
0.07300,	0.03473,	0.04912, 	0.04690, 	0.00000
0.07350,	0.03408,	0.04819, 	0.04694, 	0.00000
0.07400,	0.03583,	0.05067, 	0.04834, 	0.00000
0.07450,	0.03574,	0.05055, 	0.04794, 	0.00000
0.07500,	0.03555,	0.05027, 	0.04809, 	0.00000
0.07550,	0.03428,	0.04848, 	0.04628, 	0.00000
0.07600,	0.03486,	0.04930, 	0.04768, 	0.00000
0.07650,	0.03504,	0.04955, 	0.04836, 	0.00000
0.07700,	0.03401,	0.04810, 	0.04558, 	0.00000
0.07750,	0.03488,	0.04933, 	0.04769, 	0.00000
0.07800,	0.03449,	0.04877, 	0.04583, 	0.00000
0.07850,	0.03473,	0.04912, 	0.04635, 	0.00000
0.07900,	0.03560,	0.05034, 	0.04697, 	0.00000
0.07950,	0.03453,	0.04883, 	0.04604, 	0.00000
0.08000,	0.03445,	0.04872, 	0.04578, 	0.00000
0.08050,	0.03453,	0.04883, 	0.04518, 	0.00000
0.08100,	0.03526,	0.04987, 	0.04644, 	0.00000
0.08150,	0.03546,	0.05015, 	0.04842, 	0.00000
0.08200,	0.03463,	0.04897, 	0.04532, 	0.00000
0.08250,	0.03490,	0.04936, 	0.04580, 	0.00000
0.08300,	0.03530,	0.04992, 	0.04686, 	0.00000
0.08350,	0.03519,	0.04976, 	0.04619, 	0.00000
0.08400,	0.03447,	0.04875, 	0.04591, 	0.00000
0.08450,	0.03433,	0.04856, 	0.04519, 	0.00000
0.08500,	0.03622,	0.05122, 	0.04704, 	0.00000
0.08550,	0.03442,	0.04867, 	0.04522, 	0.00000
0.08600,	0.03541,	0.05008, 	0.04572, 	0.00000
0.08650,	0.03593,	0.05081, 	0.04673, 	0.00000
0.08700,	0.03632,	0.05136, 	0.04688, 	0.00000
0.08750,	0.03590,	0.05076, 	0.04634, 	0.00000
0.08800,	0.03541,	0.05008, 	0.04587, 	0.00000
0.08850,	0.03421,	0.04838, 	0.04486, 	0.00000
0.08900,	0.03489,	0.04934, 	0.04484, 	0.00000
0.08950,	0.03594,	0.05083, 	0.04678, 	0.00000
0.09000,	0.03563,	0.05039, 	0.04488, 	0.00000
0.09050,	0.03478,	0.04918, 	0.04436, 	0.00000
0.09100,	0.03402,	0.04811, 	0.04401, 	0.00000
0.09150,	0.03499,	0.04948, 	0.04415, 	0.00000
0.09200,	0.03608,	0.05103, 	0.04656, 	0.00000
0.09250,	0.03532,	0.04994, 	0.04526, 	0.00000
0.09300,	0.03394,	0.04799, 	0.04314, 	0.00000
0.09350,	0.03498,	0.04947, 	0.04502, 	0.00000
0.09400,	0.03572,	0.05052, 	0.04545, 	0.00000
0.09450,	0.03530,	0.04992, 	0.04527, 	0.00000
0.09500,	0.03522,	0.04980, 	0.04456, 	0.00000
0.09550,	0.03569,	0.05047, 	0.04515, 	0.00000
0.09600,	0.03530,	0.04992, 	0.04457, 	0.00000
0.09650,	0.03508,	0.04961, 	0.04411, 	0.00000
0.09700,	0.03532,	0.04995, 	0.04374, 	0.00000
0.09750,	0.03524,	0.04983, 	0.04487, 	0.00000
0.09800,	0.03601,	0.05093, 	0.04583, 	0.00000
0.09850,	0.03510,	0.04963, 	0.04449, 	0.00000
0.09900,	0.03584,	0.05069, 	0.04576, 	0.00000
0.09950,	0.03571,	0.05050, 	0.04504, 	0.00000
0.10000,	0.03477,	0.04917, 	0.04349, 	0.00000
0.10050,	0.03569,	0.05047, 	0.04504, 	0.00000
0.10100,	0.03536,	0.05001, 	0.04433, 	0.00000
0.10150,	0.03564,	0.05040, 	0.04459, 	0.00000
0.10200,	0.03607,	0.05101, 	0.04494, 	0.00000
0.10250,	0.03469,	0.04906, 	0.04364, 	0.00000
0.10300,	0.03446,	0.04873, 	0.04271, 	0.00000
0.10350,	0.03600,	0.05091, 	0.04456, 	0.00000
0.10400,	0.03512,	0.04967, 	0.04319, 	0.00000
0.10450,	0.03484,	0.04927, 	0.04350, 	0.00000
0.10500,	0.03543,	0.05011, 	0.04400, 	0.00000
0.10550,	0.03545,	0.05014, 	0.04353, 	0.00000
0.10600,	0.03458,	0.04890, 	0.04164, 	0.00000
0.10650,	0.03612,	0.05108, 	0.04415, 	0.00000
0.10700,	0.03605,	0.05098, 	0.04470, 	0.00000
0.10750,	0.03612,	0.05108, 	0.04456, 	0.00000
0.10800,	0.03530,	0.04993, 	0.04349, 	0.00000
0.10850,	0.03530,	0.04993, 	0.04292, 	0.00000
0.10900,	0.03630,	0.05134, 	0.04410, 	0.00000
0.10950,	0.03550,	0.05021, 	0.04343, 	0.00000
0.11000,	0.03632,	0.05136, 	0.04452, 	0.00000
0.11050,	0.03532,	0.04995, 	0.04339, 	0.00000
0.11100,	0.03469,	0.04906, 	0.04259, 	0.00000
0.11150,	0.03522,	0.04981, 	0.04312, 	0.00000
0.11200,	0.03686,	0.05212, 	0.04547, 	0.00000
0.11250,	0.03576,	0.05057, 	0.04363, 	0.00000
0.11300,	0.03487,	0.04931, 	0.04298, 	0.00000
0.11350,	0.03559,	0.05034, 	0.04317, 	0.00000
0.11400,	0.03715,	0.05254, 	0.04497, 	0.00000
0.11450,	0.03558,	0.05032, 	0.04330, 	0.00000
0.11500,	0.03580,	0.05062, 	0.04318, 	0.00000
0.11550,	0.03536,	0.05000, 	0.04291, 	0.00000
0.11600,	0.03439,	0.04863, 	0.04141, 	0.00000
0.11650,	0.03598,	0.05088, 	0.04364, 	0.00000
0.11700,	0.03686,	0.05213, 	0.04405, 	0.00000
0.11750,	0.03521,	0.04980, 	0.04264, 	0.00000
0.11800,	0.03523,	0.04983, 	0.04257, 	0.00000
0.11850,	0.03598,	0.05088, 	0.04320, 	0.00000
0.11900,	0.03554,	0.05026, 	0.04301, 	0.00000
0.11950,	0.03576,	0.05057, 	0.04230, 	0.00000
0.12000,	0.03649,	0.05161, 	0.04398, 	0.00000
0.12050,	0.03546,	0.05014, 	0.04240, 	0.00000
0.12100,	0.03617,	0.05115, 	0.04326, 	0.00000
0.12150,	0.03663,	0.05180, 	0.04323, 	0.00000
0.12200,	0.03578,	0.05060, 	0.04290, 	0.00000
0.12250,	0.03607,	0.05101, 	0.04307, 	0.00000
0.12300,	0.03567,	0.05044, 	0.04281, 	0.00000
0.12350,	0.03577,	0.05059, 	0.04299, 	0.00000
0.12400,	0.03592,	0.05080, 	0.04306, 	0.00000
0.12450,	0.03558,	0.05032, 	0.04210, 	0.00000
0.12500,	0.03662,	0.05179, 	0.04380, 	0.00000
0.12550,	0.03608,	0.05102, 	0.04285, 	0.00000
0.12600,	0.03580,	0.05063, 	0.04265, 	0.00000
0.12650,	0.03651,	0.05163, 	0.04410, 	0.00000
0.12700,	0.03652,	0.05164, 	0.04325, 	0.00000
0.12750,	0.03589,	0.05075, 	0.04258, 	0.00000
0.12800,	0.03532,	0.04995, 	0.04206, 	0.00000
0.12850,	0.03685,	0.05211, 	0.04342, 	0.00000
0.12900,	0.03572,	0.05051, 	0.04219, 	0.00000
0.12950,	0.03521,	0.04980, 	0.04117, 	0.00000
0.13000,	0.03585,	0.05070, 	0.04186, 	0.00000
0.13050,	0.03623,	0.05124, 	0.04242, 	0.00000
0.13100,	0.03501,	0.04951, 	0.04085, 	0.00000
0.13150,	0.03440,	0.04865, 	0.04015, 	0.00000
0.13200,	0.03585,	0.05070, 	0.04215, 	0.00000
0.13250,	0.03567,	0.05045, 	0.04176, 	0.00000
0.13300,	0.03713,	0.05252, 	0.04325, 	0.00000
0.13350,	0.03439,	0.04863, 	0.04006, 	0.00000
0.13400,	0.03577,	0.05058, 	0.04148, 	0.00000
0.13450,	0.03616,	0.05114, 	0.04247, 	0.00000
0.13500,	0.03604,	0.05096, 	0.04203, 	0.00000
0.13550,	0.03683,	0.05208, 	0.04248, 	0.00000
0.13600,	0.03697,	0.05228, 	0.04306, 	0.00000
0.13650,	0.03618,	0.05116, 	0.04211, 	0.00000
0.13700,	0.03448,	0.04876, 	0.04076, 	0.00000
0.13750,	0.03697,	0.05229, 	0.04327, 	0.00000
0.13800,	0.03674,	0.05196, 	0.04304, 	0.00000
0.13850,	0.03548,	0.05017, 	0.04141, 	0.00000
0.13900,	0.03690,	0.05218, 	0.04292, 	0.00000
0.13950,	0.03547,	0.05016, 	0.04185, 	0.00000
0.14000,	0.03652,	0.05165, 	0.04225, 	0.00000
0.14050,	0.03713,	0.05251, 	0.04339, 	0.00000
0.14100,	0.03549,	0.05019, 	0.04109, 	0.00000
0.14150,	0.03586,	0.05072, 	0.04148, 	0.00000
0.14200,	0.03653,	0.05166, 	0.04225, 	0.00000
0.14250,	0.03629,	0.05132, 	0.04177, 	0.00000
0.14300,	0.03591,	0.05078, 	0.04121, 	0.00000
0.14350,	0.03655,	0.05170, 	0.04289, 	0.00000
0.14400,	0.03627,	0.05129, 	0.04203, 	0.00000
0.14450,	0.03591,	0.05078, 	0.04114, 	0.00000
0.14500,	0.03680,	0.05204, 	0.04263, 	0.00000
0.14550,	0.03630,	0.05134, 	0.04206, 	0.00000
0.14600,	0.03676,	0.05199, 	0.04236, 	0.00000
0.14650,	0.03690,	0.05219, 	0.04222, 	0.00000
0.14700,	0.03638,	0.05145, 	0.04204, 	0.00000
0.14750,	0.03663,	0.05180, 	0.04229, 	0.00000
0.14800,	0.03660,	0.05176, 	0.04167, 	0.00000
0.14850,	0.03682,	0.05207, 	0.04203, 	0.00000
0.14900,	0.03692,	0.05222, 	0.04264, 	0.00000
0.14950,	0.03600,	0.05091, 	0.04136, 	0.00000
0.15000,	0.03705,	0.05240, 	0.04179, 	0.00000
0.15050,	0.03633,	0.05138, 	0.04124, 	0.00000
0.15100,	0.03700,	0.05232, 	0.04221, 	0.00000
0.15150,	0.03683,	0.05209, 	0.04227, 	0.00000
0.15200,	0.03706,	0.05241, 	0.04252, 	0.00000
0.15250,	0.03612,	0.05108, 	0.04146, 	0.00000
0.15300,	0.03651,	0.05163, 	0.04163, 	0.00000
0.15350,	0.03706,	0.05241, 	0.04212, 	0.00000
0.15400,	0.03625,	0.05126, 	0.04145, 	0.00000
0.15450,	0.03702,	0.05235, 	0.04197, 	0.00000
0.15500,	0.03673,	0.05195, 	0.04161, 	0.00000
0.15550,	0.03832,	0.05419, 	0.04370, 	0.00000
0.15600,	0.03632,	0.05136, 	0.04105, 	0.00000
0.15650,	0.03577,	0.05059, 	0.04048, 	0.00000
0.15700,	0.03590,	0.05077, 	0.04097, 	0.00000
0.15750,	0.03693,	0.05223, 	0.04156, 	0.00000
0.15800,	0.03676,	0.05199, 	0.04157, 	0.00000
0.15850,	0.03611,	0.05107, 	0.04112, 	0.00000
0.15900,	0.03649,	0.05161, 	0.04102, 	0.00000
0.15950,	0.03605,	0.05098, 	0.04114, 	0.00000
0.16000,	0.03594,	0.05082, 	0.04098, 	0.00000
0.16050,	0.03738,	0.05287, 	0.04261, 	0.00000
0.16100,	0.03547,	0.05016, 	0.04004, 	0.00000
0.16150,	0.03652,	0.05165, 	0.04133, 	0.00000
0.16200,	0.03694,	0.05225, 	0.04178, 	0.00000
0.16250,	0.03623,	0.05124, 	0.04133, 	0.00000
0.16300,	0.03669,	0.05189, 	0.04123, 	0.00000
0.16350,	0.03575,	0.05056, 	0.04048, 	0.00000
0.16400,	0.03781,	0.05348, 	0.04260, 	0.00000
0.16450,	0.03731,	0.05276, 	0.04206, 	0.00000
0.16500,	0.03711,	0.05248, 	0.04144, 	0.00000
0.16550,	0.03721,	0.05263, 	0.04199, 	0.00000
0.16600,	0.03745,	0.05297, 	0.04206, 	0.00000
0.16650,	0.03803,	0.05379, 	0.04284, 	0.00000
0.16700,	0.03819,	0.05401, 	0.04282, 	0.00000
0.16750,	0.03661,	0.05177, 	0.04094, 	0.00000
0.16800,	0.03703,	0.05237, 	0.04169, 	0.00000
0.16850,	0.03715,	0.05254, 	0.04193, 	0.00000
0.16900,	0.03601,	0.05092, 	0.04037, 	0.00000
0.16950,	0.03713,	0.05251, 	0.04161, 	0.00000
0.17000,	0.03706,	0.05241, 	0.04155, 	0.00000
0.17050,	0.03634,	0.05140, 	0.04086, 	0.00000
0.17100,	0.03799,	0.05373, 	0.04238, 	0.00000
0.17150,	0.03667,	0.05186, 	0.04089, 	0.00000
0.17200,	0.03701,	0.05235, 	0.04136, 	0.00000
0.17250,	0.03619,	0.05117, 	0.04041, 	0.00000
0.17300,	0.03654,	0.05168, 	0.04058, 	0.00000
0.17350,	0.03632,	0.05137, 	0.04095, 	0.00000
0.17400,	0.03605,	0.05098, 	0.04027, 	0.00000
0.17450,	0.03595,	0.05083, 	0.04015, 	0.00000
0.17500,	0.03669,	0.05189, 	0.04067, 	0.00000
0.17550,	0.03569,	0.05047, 	0.03947, 	0.00000
0.17600,	0.03798,	0.05371, 	0.04220, 	0.00000
0.17650,	0.03716,	0.05255, 	0.04145, 	0.00000
0.17700,	0.03579,	0.05061, 	0.03975, 	0.00000
0.17750,	0.03724,	0.05267, 	0.04142, 	0.00000
0.17800,	0.03739,	0.05288, 	0.04137, 	0.00000
0.17850,	0.03685,	0.05212, 	0.04093, 	0.00000
0.17900,	0.03635,	0.05141, 	0.04016, 	0.00000
0.17950,	0.03656,	0.05170, 	0.04021, 	0.00000
0.18000,	0.03716,	0.05255, 	0.04093, 	0.00000
0.18050,	0.03671,	0.05192, 	0.04047, 	0.00000
0.18100,	0.03548,	0.05018, 	0.03948, 	0.00000
0.18150,	0.03784,	0.05352, 	0.04219, 	0.00000
0.18200,	0.03778,	0.05343, 	0.04178, 	0.00000
0.18250,	0.03702,	0.05236, 	0.04078, 	0.00000
0.18300,	0.03691,	0.05220, 	0.04087, 	0.00000
0.18350,	0.03711,	0.05248, 	0.04072, 	0.00000
0.18400,	0.03783,	0.05350, 	0.04180, 	0.00000
0.18450,	0.03790,	0.05360, 	0.04190, 	0.00000
0.18500,	0.03601,	0.05093, 	0.03993, 	0.00000
0.18550,	0.03721,	0.05262, 	0.04121, 	0.00000
0.18600,	0.03648,	0.05159, 	0.04013, 	0.00000
0.18650,	0.03738,	0.05286, 	0.04121, 	0.00000
0.18700,	0.03789,	0.05359, 	0.04159, 	0.00000
0.18750,	0.03687,	0.05215, 	0.04088, 	0.00000
0.18800,	0.03666,	0.05184, 	0.04048, 	0.00000
0.18850,	0.03815,	0.05395, 	0.04194, 	0.00000
0.18900,	0.03753,	0.05307, 	0.04135, 	0.00000
0.18950,	0.03541,	0.05008, 	0.03915, 	0.00000
0.19000,	0.03832,	0.05419, 	0.04214, 	0.00000
0.19050,	0.03761,	0.05319, 	0.04150, 	0.00000
0.19100,	0.03799,	0.05372, 	0.04171, 	0.00000
0.19150,	0.03764,	0.05323, 	0.04138, 	0.00000
0.19200,	0.03598,	0.05088, 	0.03922, 	0.00000
0.19250,	0.03712,	0.05249, 	0.04050, 	0.00000
0.19300,	0.03788,	0.05358, 	0.04145, 	0.00000
0.19350,	0.03621,	0.05121, 	0.03953, 	0.00000
0.19400,	0.03817,	0.05398, 	0.04202, 	0.00000
0.19450,	0.03668,	0.05187, 	0.04019, 	0.00000
0.19500,	0.03815,	0.05396, 	0.04191, 	0.00000
0.19550,	0.03674,	0.05196, 	0.04017, 	0.00000
0.19600,	0.03829,	0.05414, 	0.04168, 	0.00000
0.19650,	0.03770,	0.05332, 	0.04092, 	0.00000
0.19700,	0.03724,	0.05266, 	0.04064, 	0.00000
0.19750,	0.03685,	0.05211, 	0.04008, 	0.00000
0.19800,	0.03717,	0.05256, 	0.04080, 	0.00000
0.19850,	0.03682,	0.05206, 	0.04033, 	0.00000
0.19900,	0.03750,	0.05303, 	0.04104, 	0.00000
0.19950,	0.03660,	0.05177, 	0.04007, 	0.00000
0.20000,	0.03827,	0.05413, 	0.04171, 	0.00000
0.20050,	0.03663,	0.05180, 	0.04005, 	0.00000
0.20100,	0.03862,	0.05462, 	0.04197, 	0.00000
0.20150,	0.03773,	0.05336, 	0.04086, 	0.00000
0.20200,	0.03638,	0.05144, 	0.03956, 	0.00000
0.20250,	0.03782,	0.05349, 	0.04110, 	0.00000
0.20300,	0.03881,	0.05489, 	0.04226, 	0.00000
0.20350,	0.03765,	0.05325, 	0.04049, 	0.00000
0.20400,	0.03604,	0.05097, 	0.03920, 	0.00000
0.20450,	0.03819,	0.05401, 	0.04169, 	0.00000
0.20500,	0.03710,	0.05246, 	0.04034, 	0.00000
0.20550,	0.03762,	0.05321, 	0.04089, 	0.00000
0.20600,	0.03810,	0.05388, 	0.04122, 	0.00000
0.20650,	0.03731,	0.05276, 	0.04047, 	0.00000
0.20700,	0.03762,	0.05321, 	0.04079, 	0.00000
0.20750,	0.03754,	0.05309, 	0.04062, 	0.00000
0.20800,	0.03805,	0.05381, 	0.04105, 	0.00000
0.20850,	0.03741,	0.05290, 	0.04040, 	0.00000
0.20900,	0.03773,	0.05335, 	0.04095, 	0.00000
0.20950,	0.03774,	0.05337, 	0.04080, 	0.00000
0.21000,	0.03823,	0.05406, 	0.04140, 	0.00000
0.21050,	0.03751,	0.05305, 	0.04048, 	0.00000
0.21100,	0.03713,	0.05250, 	0.03989, 	0.00000
0.21150,	0.03700,	0.05232, 	0.03985, 	0.00000
0.21200,	0.03850,	0.05444, 	0.04154, 	0.00000
0.21250,	0.03742,	0.05291, 	0.04025, 	0.00000
0.21300,	0.03756,	0.05312, 	0.04042, 	0.00000
0.21350,	0.03704,	0.05238, 	0.04005, 	0.00000
0.21400,	0.03800,	0.05374, 	0.04104, 	0.00000
0.21450,	0.03819,	0.05401, 	0.04127, 	0.00000
0.21500,	0.03829,	0.05415, 	0.04129, 	0.00000
0.21550,	0.03639,	0.05146, 	0.03923, 	0.00000
0.21600,	0.03800,	0.05374, 	0.04089, 	0.00000
0.21650,	0.03935,	0.05565, 	0.04242, 	0.00000
0.21700,	0.03816,	0.05397, 	0.04079, 	0.00000
0.21750,	0.03755,	0.05310, 	0.04050, 	0.00000
0.21800,	0.03767,	0.05327, 	0.04059, 	0.00000
0.21850,	0.03796,	0.05369, 	0.04079, 	0.00000
0.21900,	0.03761,	0.05320, 	0.04052, 	0.00000
0.21950,	0.03774,	0.05337, 	0.04036, 	0.00000
0.22000,	0.03714,	0.05252, 	0.03993, 	0.00000
0.22050,	0.03670,	0.05190, 	0.03929, 	0.00000
0.22100,	0.03701,	0.05234, 	0.03975, 	0.00000
0.22150,	0.03816,	0.05397, 	0.04081, 	0.00000
0.22200,	0.03752,	0.05306, 	0.04018, 	0.00000
0.22250,	0.03891,	0.05502, 	0.04169, 	0.00000
0.22300,	0.03852,	0.05448, 	0.04146, 	0.00000
0.22350,	0.03820,	0.05402, 	0.04111, 	0.00000
0.22400,	0.03706,	0.05241, 	0.03954, 	0.00000
0.22450,	0.03704,	0.05239, 	0.03975, 	0.00000
0.22500,	0.03787,	0.05355, 	0.04061, 	0.00000
0.22550,	0.03713,	0.05251, 	0.03983, 	0.00000
0.22600,	0.03748,	0.05301, 	0.04001, 	0.00000
0.22650,	0.03728,	0.05272, 	0.03972, 	0.00000
0.22700,	0.03674,	0.05195, 	0.03933, 	0.00000
0.22750,	0.03751,	0.05304, 	0.04013, 	0.00000
0.22800,	0.03924,	0.05550, 	0.04190, 	0.00000
0.22850,	0.03882,	0.05490, 	0.04150, 	0.00000
0.22900,	0.03651,	0.05164, 	0.03891, 	0.00000
0.22950,	0.03783,	0.05351, 	0.04028, 	0.00000
0.23000,	0.03748,	0.05301, 	0.04011, 	0.00000
0.23050,	0.03629,	0.05132, 	0.03886, 	0.00000
0.23100,	0.03791,	0.05361, 	0.04024, 	0.00000
0.23150,	0.03772,	0.05334, 	0.04020, 	0.00000
0.23200,	0.03892,	0.05504, 	0.04157, 	0.00000
0.23250,	0.03807,	0.05384, 	0.04088, 	0.00000
0.23300,	0.03951,	0.05588, 	0.04208, 	0.00000
0.23350,	0.03853,	0.05449, 	0.04107, 	0.00000
0.23400,	0.03881,	0.05489, 	0.04133, 	0.00000
0.23450,	0.03731,	0.05277, 	0.03971, 	0.00000
0.23500,	0.03803,	0.05379, 	0.04045, 	0.00000
0.23550,	0.03857,	0.05454, 	0.04098, 	0.00000
0.23600,	0.03825,	0.05410, 	0.04075, 	0.00000
0.23650,	0.03890,	0.05501, 	0.04148, 	0.00000
0.23700,	0.03787,	0.05355, 	0.04028, 	0.00000
0.23750,	0.03809,	0.05387, 	0.04066, 	0.00000
0.23800,	0.03724,	0.05267, 	0.03951, 	0.00000
0.23850,	0.03773,	0.05336, 	0.04003, 	0.00000
0.23900,	0.03820,	0.05402, 	0.04041, 	0.00000
0.23950,	0.03717,	0.05256, 	0.03943, 	0.00000
0.24000,	0.03693,	0.05223, 	0.03908, 	0.00000
0.24050,	0.03781,	0.05348, 	0.04009, 	0.00000
0.24100,	0.03814,	0.05394, 	0.04062, 	0.00000
0.24150,	0.03798,	0.05372, 	0.04030, 	0.00000
0.24200,	0.03823,	0.05406, 	0.04047, 	0.00000
0.24250,	0.03911,	0.05531, 	0.04133, 	0.00000
0.24300,	0.03763,	0.05321, 	0.03978, 	0.00000
0.24350,	0.03967,	0.05610, 	0.04217, 	0.00000
0.24400,	0.03873,	0.05477, 	0.04094, 	0.00000
0.24450,	0.03901,	0.05516, 	0.04127, 	0.00000
0.24500,	0.03824,	0.05408, 	0.04052, 	0.00000
0.24550,	0.03709,	0.05245, 	0.03917, 	0.00000
0.24600,	0.03842,	0.05433, 	0.04070, 	0.00000
0.24650,	0.03817,	0.05398, 	0.04044, 	0.00000
0.24700,	0.03768,	0.05329, 	0.03997, 	0.00000
0.24750,	0.03796,	0.05368, 	0.04022, 	0.00000
0.24800,	0.03867,	0.05469, 	0.04081, 	0.00000
0.24850,	0.03859,	0.05457, 	0.04075, 	0.00000
0.24900,	0.03820,	0.05403, 	0.04027, 	0.00000
0.24950,	0.03772,	0.05334, 	0.03991, 	0.00000
0.25000,	0.03822,	0.05406, 	0.04052, 	0.00000
0.25050,	0.03858,	0.05456, 	0.04074, 	0.00000
0.25100,	0.03841,	0.05432, 	0.04055, 	0.00000
0.25150,	0.03769,	0.05330, 	0.03984, 	0.00000
0.25200,	0.03815,	0.05395, 	0.04022, 	0.00000
0.25250,	0.03729,	0.05273, 	0.03938, 	0.00000
0.25300,	0.03878,	0.05484, 	0.04082, 	0.00000
0.25350,	0.03758,	0.05315, 	0.03950, 	0.00000
0.25400,	0.03852,	0.05447, 	0.04049, 	0.00000
0.25450,	0.03774,	0.05337, 	0.03968, 	0.00000
0.25500,	0.03860,	0.05458, 	0.04067, 	0.00000
0.25550,	0.03842,	0.05433, 	0.04043, 	0.00000
0.25600,	0.03867,	0.05469, 	0.04060, 	0.00000
0.25650,	0.03911,	0.05531, 	0.04113, 	0.00000
0.25700,	0.03916,	0.05538, 	0.04111, 	0.00000
0.25750,	0.03852,	0.05448, 	0.04046, 	0.00000
0.25800,	0.03836,	0.05425, 	0.04026, 	0.00000
0.25850,	0.03868,	0.05470, 	0.04050, 	0.00000
0.25900,	0.03926,	0.05552, 	0.04112, 	0.00000
0.25950,	0.03848,	0.05442, 	0.04031, 	0.00000
0.26000,	0.03888,	0.05498, 	0.04072, 	0.00000
0.26050,	0.03817,	0.05398, 	0.04007, 	0.00000
0.26100,	0.03859,	0.05457, 	0.04058, 	0.00000
0.26150,	0.03915,	0.05536, 	0.04093, 	0.00000
0.26200,	0.03826,	0.05411, 	0.03998, 	0.00000
0.26250,	0.03822,	0.05405, 	0.04019, 	0.00000
0.26300,	0.03814,	0.05394, 	0.03993, 	0.00000
0.26350,	0.03729,	0.05274, 	0.03908, 	0.00000
0.26400,	0.03767,	0.05327, 	0.03947, 	0.00000
0.26450,	0.03857,	0.05455, 	0.04051, 	0.00000
0.26500,	0.03691,	0.05220, 	0.03857, 	0.00000
0.26550,	0.03700,	0.05233, 	0.03880, 	0.00000
0.26600,	0.03832,	0.05419, 	0.04034, 	0.00000
0.26650,	0.03996,	0.05651, 	0.04186, 	0.00000
0.26700,	0.03770,	0.05332, 	0.03951, 	0.00000
0.26750,	0.03855,	0.05451, 	0.04030, 	0.00000
0.26800,	0.03805,	0.05381, 	0.03977, 	0.00000
0.26850,	0.03813,	0.05392, 	0.03984, 	0.00000
0.26900,	0.03862,	0.05461, 	0.04037, 	0.00000
0.26950,	0.03840,	0.05431, 	0.04013, 	0.00000
0.27000,	0.03752,	0.05306, 	0.03915, 	0.00000
0.27050,	0.03753,	0.05307, 	0.03918, 	0.00000
0.27100,	0.03698,	0.05229, 	0.03858, 	0.00000
0.27150,	0.03801,	0.05376, 	0.03975, 	0.00000
0.27200,	0.04028,	0.05696, 	0.04213, 	0.00000
0.27250,	0.03920,	0.05544, 	0.04091, 	0.00000
0.27300,	0.03834,	0.05422, 	0.04008, 	0.00000
0.27350,	0.03811,	0.05389, 	0.03996, 	0.00000
0.27400,	0.03931,	0.05559, 	0.04100, 	0.00000
0.27450,	0.03891,	0.05503, 	0.04053, 	0.00000
0.27500,	0.03806,	0.05383, 	0.03980, 	0.00000
0.27550,	0.03787,	0.05355, 	0.03954, 	0.00000
0.27600,	0.03864,	0.05464, 	0.04025, 	0.00000
0.27650,	0.03891,	0.05503, 	0.04054, 	0.00000
0.27700,	0.03846,	0.05440, 	0.04013, 	0.00000
0.27750,	0.03784,	0.05352, 	0.03948, 	0.00000
0.27800,	0.03843,	0.05435, 	0.04008, 	0.00000
0.27850,	0.03953,	0.05590, 	0.04109, 	0.00000
0.27900,	0.03909,	0.05528, 	0.04064, 	0.00000
0.27950,	0.03821,	0.05404, 	0.03969, 	0.00000
0.28000,	0.03694,	0.05224, 	0.03844, 	0.00000
0.28050,	0.03908,	0.05526, 	0.04063, 	0.00000
0.28100,	0.03794,	0.05365, 	0.03932, 	0.00000
0.28150,	0.03798,	0.05371, 	0.03939, 	0.00000
0.28200,	0.03810,	0.05388, 	0.03956, 	0.00000
0.28250,	0.03814,	0.05394, 	0.03956, 	0.00000
0.28300,	0.03860,	0.05460, 	0.04012, 	0.00000
0.28350,	0.03780,	0.05346, 	0.03933, 	0.00000
0.28400,	0.03933,	0.05562, 	0.04088, 	0.00000
0.28450,	0.03914,	0.05535, 	0.04058, 	0.00000
0.28500,	0.03898,	0.05512, 	0.04041, 	0.00000
0.28550,	0.03847,	0.05440, 	0.03987, 	0.00000
0.28600,	0.03857,	0.05455, 	0.04006, 	0.00000
0.28650,	0.03933,	0.05562, 	0.04076, 	0.00000
0.28700,	0.04065,	0.05749, 	0.04217, 	0.00000
0.28750,	0.03936,	0.05567, 	0.04094, 	0.00000
0.28800,	0.03797,	0.05370, 	0.03936, 	0.00000
0.28850,	0.03894,	0.05507, 	0.04046, 	0.00000
0.28900,	0.03919,	0.05543, 	0.04062, 	0.00000
0.28950,	0.03886,	0.05496, 	0.04029, 	0.00000
0.29000,	0.03955,	0.05593, 	0.04100, 	0.00000
0.29050,	0.03938,	0.05569, 	0.04081, 	0.00000
0.29100,	0.03819,	0.05401, 	0.03961, 	0.00000
0.29150,	0.03860,	0.05459, 	0.03996, 	0.00000
0.29200,	0.03801,	0.05375, 	0.03936, 	0.00000
0.29250,	0.03831,	0.05418, 	0.03975, 	0.00000
0.29300,	0.03781,	0.05348, 	0.03914, 	0.00000
0.29350,	0.03916,	0.05538, 	0.04054, 	0.00000
0.29400,	0.03819,	0.05402, 	0.03954, 	0.00000
0.29450,	0.03891,	0.05503, 	0.04020, 	0.00000
0.29500,	0.03875,	0.05480, 	0.04007, 	0.00000
0.29550,	0.03979,	0.05627, 	0.04113, 	0.00000
0.29600,	0.03848,	0.05441, 	0.03986, 	0.00000
0.29650,	0.03864,	0.05464, 	0.03989, 	0.00000
0.29700,	0.03925,	0.05551, 	0.04055, 	0.00000
0.29750,	0.03896,	0.05509, 	0.04028, 	0.00000
0.29800,	0.03931,	0.05559, 	0.04056, 	0.00000
0.29850,	0.03852,	0.05448, 	0.03973, 	0.00000
0.29900,	0.03797,	0.05369, 	0.03935, 	0.00000
0.29950,	0.03832,	0.05419, 	0.03952, 	0.00000
0.30000,	0.03900,	0.05516, 	0.04036, 	0.00000
0.30050,	0.03990,	0.05643, 	0.04115, 	0.00000
0.30100,	0.03836,	0.05425, 	0.03963, 	0.00000
0.30150,	0.03988,	0.05640, 	0.04109, 	0.00000
0.30200,	0.03753,	0.05307, 	0.03862, 	0.00000
0.30250,	0.03914,	0.05536, 	0.04038, 	0.00000
0.30300,	0.03826,	0.05411, 	0.03941, 	0.00000
0.30350,	0.03872,	0.05475, 	0.04002, 	0.00000
0.30400,	0.03906,	0.05524, 	0.04030, 	0.00000
0.30450,	0.03859,	0.05458, 	0.03969, 	0.00000
0.30500,	0.04013,	0.05675, 	0.04147, 	0.00000
0.30550,	0.03944,	0.05578, 	0.04068, 	0.00000
0.30600,	0.03944,	0.05578, 	0.04070, 	0.00000
0.30650,	0.03850,	0.05445, 	0.03965, 	0.00000
0.30700,	0.03945,	0.05579, 	0.04070, 	0.00000
0.30750,	0.03934,	0.05564, 	0.04051, 	0.00000
0.30800,	0.03970,	0.05615, 	0.04080, 	0.00000
0.30850,	0.03869,	0.05472, 	0.03980, 	0.00000
0.30900,	0.03893,	0.05505, 	0.04003, 	0.00000
0.30950,	0.03793,	0.05364, 	0.03911, 	0.00000
0.31000,	0.03821,	0.05403, 	0.03938, 	0.00000
0.31050,	0.03829,	0.05415, 	0.03934, 	0.00000
0.31100,	0.03817,	0.05398, 	0.03925, 	0.00000
0.31150,	0.03770,	0.05331, 	0.03876, 	0.00000
0.31200,	0.03922,	0.05547, 	0.04027, 	0.00000
0.31250,	0.03903,	0.05520, 	0.04021, 	0.00000
0.31300,	0.03906,	0.05524, 	0.04017, 	0.00000
0.31350,	0.03849,	0.05443, 	0.03964, 	0.00000
0.31400,	0.03795,	0.05366, 	0.03901, 	0.00000
0.31450,	0.03870,	0.05473, 	0.03984, 	0.00000
0.31500,	0.03925,	0.05551, 	0.04028, 	0.00000
0.31550,	0.03763,	0.05322, 	0.03867, 	0.00000
0.31600,	0.03988,	0.05640, 	0.04094, 	0.00000
0.31650,	0.04010,	0.05671, 	0.04119, 	0.00000
0.31700,	0.03919,	0.05543, 	0.04026, 	0.00000
0.31750,	0.03768,	0.05329, 	0.03865, 	0.00000
0.31800,	0.03877,	0.05482, 	0.03982, 	0.00000
0.31850,	0.03907,	0.05525, 	0.04009, 	0.00000
0.31900,	0.03800,	0.05375, 	0.03896, 	0.00000
0.31950,	0.03970,	0.05614, 	0.04078, 	0.00000
0.32000,	0.03896,	0.05510, 	0.03998, 	0.00000
0.32050,	0.03899,	0.05514, 	0.04002, 	0.00000
0.32100,	0.03950,	0.05586, 	0.04049, 	0.00000
0.32150,	0.03774,	0.05337, 	0.03865, 	0.00000
0.32200,	0.03814,	0.05393, 	0.03904, 	0.00000
0.32250,	0.03853,	0.05449, 	0.03951, 	0.00000
0.32300,	0.03987,	0.05638, 	0.04086, 	0.00000
0.32350,	0.03856,	0.05453, 	0.03947, 	0.00000
0.32400,	0.03797,	0.05370, 	0.03905, 	0.00000
0.32450,	0.03840,	0.05431, 	0.03932, 	0.00000
0.32500,	0.03878,	0.05484, 	0.03970, 	0.00000
0.32550,	0.03820,	0.05403, 	0.03918, 	0.00000
0.32600,	0.03964,	0.05606, 	0.04056, 	0.00000
0.32650,	0.03867,	0.05469, 	0.03968, 	0.00000
0.32700,	0.03893,	0.05506, 	0.03978, 	0.00000
0.32750,	0.03944,	0.05578, 	0.04031, 	0.00000
0.32800,	0.03940,	0.05572, 	0.04026, 	0.00000
0.32850,	0.03937,	0.05568, 	0.04033, 	0.00000
0.32900,	0.03894,	0.05507, 	0.03986, 	0.00000
0.32950,	0.03817,	0.05399, 	0.03911, 	0.00000
0.33000,	0.03888,	0.05499, 	0.03981, 	0.00000
0.33050,	0.03823,	0.05407, 	0.03906, 	0.00000
0.33100,	0.03734,	0.05281, 	0.03813, 	0.00000
0.33150,	0.03795,	0.05367, 	0.03881, 	0.00000
0.33200,	0.03900,	0.05515, 	0.03985, 	0.00000
0.33250,	0.03778,	0.05343, 	0.03869, 	0.00000
0.33300,	0.03886,	0.05495, 	0.03972, 	0.00000
0.33350,	0.04047,	0.05723, 	0.04135, 	0.00000
0.33400,	0.03922,	0.05547, 	0.04008, 	0.00000
0.33450,	0.03756,	0.05311, 	0.03837, 	0.00000
0.33500,	0.03865,	0.05465, 	0.03945, 	0.00000
0.33550,	0.03925,	0.05551, 	0.04011, 	0.00000
0.33600,	0.03822,	0.05406, 	0.03905, 	0.00000
0.33650,	0.03867,	0.05469, 	0.03952, 	0.00000
0.33700,	0.03984,	0.05634, 	0.04061, 	0.00000
0.33750,	0.03887,	0.05497, 	0.03971, 	0.00000
0.33800,	0.03971,	0.05616, 	0.04047, 	0.00000
0.33850,	0.04092,	0.05786, 	0.04182, 	0.00000
0.33900,	0.03934,	0.05564, 	0.04016, 	0.00000
0.33950,	0.03837,	0.05426, 	0.03918, 	0.00000
0.34000,	0.04016,	0.05679, 	0.04100, 	0.00000
0.34050,	0.03937,	0.05567, 	0.04018, 	0.00000
0.34100,	0.03897,	0.05512, 	0.03978, 	0.00000
0.34150,	0.03827,	0.05413, 	0.03897, 	0.00000
0.34200,	0.03931,	0.05559, 	0.04011, 	0.00000
0.34250,	0.04037,	0.05710, 	0.04119, 	0.00000
0.34300,	0.03998,	0.05654, 	0.04073, 	0.00000
0.34350,	0.03999,	0.05656, 	0.04083, 	0.00000
0.34400,	0.04093,	0.05789, 	0.04177, 	0.00000
0.34450,	0.03913,	0.05534, 	0.03987, 	0.00000
0.34500,	0.04037,	0.05709, 	0.04117, 	0.00000
0.34550,	0.03834,	0.05422, 	0.03902, 	0.00000
0.34600,	0.04061,	0.05743, 	0.04142, 	0.00000
0.34650,	0.03888,	0.05498, 	0.03961, 	0.00000
0.34700,	0.03951,	0.05587, 	0.04026, 	0.00000
0.34750,	0.03832,	0.05419, 	0.03904, 	0.00000
0.34800,	0.03864,	0.05465, 	0.03935, 	0.00000
0.34850,	0.03993,	0.05648, 	0.04066, 	0.00000
0.34900,	0.03929,	0.05556, 	0.04005, 	0.00000
0.34950,	0.03881,	0.05488, 	0.03947, 	0.00000
0.35000,	0.03935,	0.05564, 	0.04006, 	0.00000
0.35050,	0.03819,	0.05401, 	0.03885, 	0.00000
0.35100,	0.04014,	0.05677, 	0.04083, 	0.00000
0.35150,	0.03965,	0.05607, 	0.04031, 	0.00000
0.35200,	0.04023,	0.05689, 	0.04103, 	0.00000
0.35250,	0.03892,	0.05504, 	0.03960, 	0.00000
0.35300,	0.04006,	0.05665, 	0.04074, 	0.00000
0.35350,	0.04050,	0.05727, 	0.04119, 	0.00000
0.35400,	0.03826,	0.05411, 	0.03888, 	0.00000
0.35450,	0.04015,	0.05679, 	0.04084, 	0.00000
0.35500,	0.03918,	0.05541, 	0.03980, 	0.00000
0.35550,	0.03936,	0.05567, 	0.04003, 	0.00000
0.35600,	0.04025,	0.05692, 	0.04087, 	0.00000
0.35650,	0.03856,	0.05453, 	0.03925, 	0.00000
0.35700,	0.03911,	0.05532, 	0.03973, 	0.00000
0.35750,	0.03984,	0.05634, 	0.04048, 	0.00000
0.35800,	0.04082,	0.05772, 	0.04147, 	0.00000
0.35850,	0.03979,	0.05628, 	0.04051, 	0.00000
0.35900,	0.04038,	0.05710, 	0.04112, 	0.00000
0.35950,	0.03905,	0.05522, 	0.03965, 	0.00000
0.36000,	0.03823,	0.05407, 	0.03890, 	0.00000
0.36050,	0.03990,	0.05643, 	0.04056, 	0.00000
0.36100,	0.03937,	0.05567, 	0.03999, 	0.00000
0.36150,	0.03950,	0.05586, 	0.04008, 	0.00000
0.36200,	0.04033,	0.05704, 	0.04092, 	0.00000
0.36250,	0.03855,	0.05452, 	0.03908, 	0.00000
0.36300,	0.03901,	0.05517, 	0.03959, 	0.00000
0.36350,	0.03965,	0.05608, 	0.04021, 	0.00000
0.36400,	0.03932,	0.05560, 	0.03986, 	0.00000
0.36450,	0.03847,	0.05440, 	0.03901, 	0.00000
0.36500,	0.04078,	0.05767, 	0.04141, 	0.00000
0.36550,	0.03949,	0.05585, 	0.04010, 	0.00000
0.36600,	0.03930,	0.05558, 	0.03986, 	0.00000
0.36650,	0.03909,	0.05529, 	0.03971, 	0.00000
0.36700,	0.04032,	0.05701, 	0.04088, 	0.00000
0.36750,	0.03918,	0.05541, 	0.03978, 	0.00000
0.36800,	0.03889,	0.05500, 	0.03944, 	0.00000
0.36850,	0.04031,	0.05701, 	0.04088, 	0.00000
0.36900,	0.04031,	0.05700, 	0.04083, 	0.00000
0.36950,	0.04006,	0.05665, 	0.04059, 	0.00000
0.37000,	0.03813,	0.05393, 	0.03868, 	0.00000
0.37050,	0.03888,	0.05499, 	0.03944, 	0.00000
0.37100,	0.03946,	0.05581, 	0.04000, 	0.00000
0.37150,	0.03985,	0.05635, 	0.04038, 	0.00000
0.37200,	0.03902,	0.05519, 	0.03953, 	0.00000
0.37250,	0.03986,	0.05637, 	0.04039, 	0.00000
0.37300,	0.04015,	0.05678, 	0.04067, 	0.00000
0.37350,	0.03927,	0.05554, 	0.03977, 	0.00000
0.37400,	0.03881,	0.05489, 	0.03932, 	0.00000
0.37450,	0.03987,	0.05639, 	0.04040, 	0.00000
0.37500,	0.04074,	0.05762, 	0.04122, 	0.00000
0.37550,	0.03980,	0.05629, 	0.04027, 	0.00000
0.37600,	0.03901,	0.05517, 	0.03947, 	0.00000
0.37650,	0.04145,	0.05861, 	0.04197, 	0.00000
0.37700,	0.04041,	0.05714, 	0.04091, 	0.00000
0.37750,	0.04014,	0.05676, 	0.04063, 	0.00000
0.37800,	0.04004,	0.05662, 	0.04050, 	0.00000
0.37850,	0.03917,	0.05539, 	0.03965, 	0.00000
0.37900,	0.04024,	0.05691, 	0.04071, 	0.00000
0.37950,	0.04004,	0.05662, 	0.04050, 	0.00000
0.38000,	0.03943,	0.05576, 	0.03989, 	0.00000
0.38050,	0.03987,	0.05639, 	0.04031, 	0.00000
0.38100,	0.03933,	0.05562, 	0.03980, 	0.00000
0.38150,	0.04070,	0.05756, 	0.04118, 	0.00000
0.38200,	0.04014,	0.05677, 	0.04058, 	0.00000
0.38250,	0.03913,	0.05533, 	0.03958, 	0.00000
0.38300,	0.04007,	0.05667, 	0.04053, 	0.00000
0.38350,	0.04074,	0.05762, 	0.04119, 	0.00000
0.38400,	0.04001,	0.05659, 	0.04047, 	0.00000
0.38450,	0.04069,	0.05754, 	0.04115, 	0.00000
0.38500,	0.03938,	0.05570, 	0.03981, 	0.00000
0.38550,	0.04086,	0.05778, 	0.04133, 	0.00000
0.38600,	0.03935,	0.05565, 	0.03978, 	0.00000
0.38650,	0.03924,	0.05549, 	0.03965, 	0.00000
0.38700,	0.03998,	0.05654, 	0.04040, 	0.00000
0.38750,	0.04022,	0.05688, 	0.04071, 	0.00000
0.38800,	0.03980,	0.05629, 	0.04022, 	0.00000
0.38850,	0.03931,	0.05559, 	0.03973, 	0.00000
0.38900,	0.03989,	0.05642, 	0.04035, 	0.00000
0.38950,	0.04072,	0.05759, 	0.04112, 	0.00000
0.39000,	0.03849,	0.05444, 	0.03891, 	0.00000
0.39050,	0.04031,	0.05701, 	0.04070, 	0.00000
0.39100,	0.04026,	0.05693, 	0.04064, 	0.00000
0.39150,	0.04069,	0.05755, 	0.04110, 	0.00000
0.39200,	0.04112,	0.05816, 	0.04154, 	0.00000
0.39250,	0.03802,	0.05377, 	0.03836, 	0.00000
0.39300,	0.04066,	0.05750, 	0.04103, 	0.00000
0.39350,	0.03988,	0.05639, 	0.04026, 	0.00000
0.39400,	0.03924,	0.05549, 	0.03961, 	0.00000
0.39450,	0.03968,	0.05612, 	0.04009, 	0.00000
0.39500,	0.03923,	0.05547, 	0.03959, 	0.00000
0.39550,	0.03923,	0.05549, 	0.03964, 	0.00000
0.39600,	0.03983,	0.05633, 	0.04019, 	0.00000
0.39650,	0.03970,	0.05615, 	0.04004, 	0.00000
0.39700,	0.03974,	0.05620, 	0.04013, 	0.00000
0.39750,	0.04036,	0.05708, 	0.04076, 	0.00000
0.39800,	0.03852,	0.05448, 	0.03885, 	0.00000
0.39850,	0.03977,	0.05624, 	0.04012, 	0.00000
0.39900,	0.04029,	0.05698, 	0.04064, 	0.00000
0.39950,	0.03887,	0.05497, 	0.03920, 	0.00000
0.40000,	0.03975,	0.05621, 	0.04010, 	0.00000
0.40050,	0.04042,	0.05717, 	0.04074, 	0.00000
0.40100,	0.03985,	0.05636, 	0.04018, 	0.00000
0.40150,	0.03961,	0.05602, 	0.03995, 	0.00000
0.40200,	0.03871,	0.05474, 	0.03903, 	0.00000
0.40250,	0.03965,	0.05607, 	0.03998, 	0.00000
0.40300,	0.04010,	0.05671, 	0.04042, 	0.00000
0.40350,	0.03985,	0.05636, 	0.04018, 	0.00000
0.40400,	0.03966,	0.05609, 	0.03999, 	0.00000
0.40450,	0.03998,	0.05654, 	0.04031, 	0.00000
0.40500,	0.03917,	0.05540, 	0.03946, 	0.00000
0.40550,	0.04021,	0.05687, 	0.04057, 	0.00000
0.40600,	0.04035,	0.05707, 	0.04067, 	0.00000
0.40650,	0.03927,	0.05554, 	0.03957, 	0.00000
0.40700,	0.03951,	0.05588, 	0.03979, 	0.00000
0.40750,	0.04015,	0.05678, 	0.04046, 	0.00000
0.40800,	0.04042,	0.05717, 	0.04074, 	0.00000
0.40850,	0.04030,	0.05699, 	0.04060, 	0.00000
0.40900,	0.04050,	0.05728, 	0.04081, 	0.00000
0.40950,	0.03901,	0.05518, 	0.03929, 	0.00000
0.41000,	0.03940,	0.05573, 	0.03969, 	0.00000
0.41050,	0.04100,	0.05798, 	0.04132, 	0.00000
0.41100,	0.03932,	0.05560, 	0.03960, 	0.00000
0.41150,	0.03995,	0.05650, 	0.04024, 	0.00000
0.41200,	0.04043,	0.05718, 	0.04071, 	0.00000
0.41250,	0.04015,	0.05678, 	0.04044, 	0.00000
0.41300,	0.04111,	0.05814, 	0.04141, 	0.00000
0.41350,	0.03957,	0.05596, 	0.03986, 	0.00000
0.41400,	0.03949,	0.05584, 	0.03975, 	0.00000
0.41450,	0.04053,	0.05732, 	0.04082, 	0.00000
0.41500,	0.04013,	0.05676, 	0.04039, 	0.00000
0.41550,	0.03991,	0.05644, 	0.04018, 	0.00000
0.41600,	0.03947,	0.05582, 	0.03974, 	0.00000
0.41650,	0.03898,	0.05513, 	0.03925, 	0.00000
0.41700,	0.04078,	0.05768, 	0.04103, 	0.00000
0.41750,	0.03914,	0.05536, 	0.03937, 	0.00000
0.41800,	0.04065,	0.05749, 	0.04091, 	0.00000
0.41850,	0.03941,	0.05574, 	0.03968, 	0.00000
0.41900,	0.03983,	0.05633, 	0.04008, 	0.00000
0.41950,	0.03927,	0.05554, 	0.03949, 	0.00000
0.42000,	0.04022,	0.05688, 	0.04048, 	0.00000
0.42050,	0.03906,	0.05524, 	0.03928, 	0.00000
0.42100,	0.03963,	0.05605, 	0.03987, 	0.00000
0.42150,	0.04072,	0.05758, 	0.04094, 	0.00000
0.42200,	0.04038,	0.05710, 	0.04062, 	0.00000
0.42250,	0.03951,	0.05587, 	0.03972, 	0.00000
0.42300,	0.03920,	0.05544, 	0.03944, 	0.00000
0.42350,	0.04084,	0.05776, 	0.04107, 	0.00000
0.42400,	0.03900,	0.05516, 	0.03922, 	0.00000
0.42450,	0.03873,	0.05477, 	0.03894, 	0.00000
0.42500,	0.03942,	0.05574, 	0.03964, 	0.00000
0.42550,	0.04039,	0.05711, 	0.04063, 	0.00000
0.42600,	0.04057,	0.05737, 	0.04077, 	0.00000
0.42650,	0.04084,	0.05776, 	0.04106, 	0.00000
0.42700,	0.03990,	0.05643, 	0.04011, 	0.00000
0.42750,	0.04134,	0.05847, 	0.04158, 	0.00000
0.42800,	0.03834,	0.05421, 	0.03852, 	0.00000
0.42850,	0.04157,	0.05879, 	0.04180, 	0.00000
0.42900,	0.04025,	0.05692, 	0.04044, 	0.00000
0.42950,	0.03986,	0.05637, 	0.04006, 	0.00000
0.43000,	0.04094,	0.05790, 	0.04115, 	0.00000
0.43050,	0.04051,	0.05729, 	0.04071, 	0.00000
0.43100,	0.04033,	0.05704, 	0.04053, 	0.00000
0.43150,	0.03881,	0.05489, 	0.03901, 	0.00000
0.43200,	0.03906,	0.05523, 	0.03925, 	0.00000
0.43250,	0.04026,	0.05693, 	0.04042, 	0.00000
0.43300,	0.04084,	0.05775, 	0.04103, 	0.00000
0.43350,	0.03860,	0.05459, 	0.03878, 	0.00000
0.43400,	0.03817,	0.05398, 	0.03835, 	0.00000
0.43450,	0.03970,	0.05615, 	0.03989, 	0.00000
0.43500,	0.03957,	0.05596, 	0.03975, 	0.00000
0.43550,	0.04082,	0.05773, 	0.04101, 	0.00000
0.43600,	0.03874,	0.05479, 	0.03891, 	0.00000
0.43650,	0.04082,	0.05773, 	0.04100, 	0.00000
0.43700,	0.03948,	0.05583, 	0.03964, 	0.00000
0.43750,	0.03898,	0.05513, 	0.03914, 	0.00000
0.43800,	0.03894,	0.05507, 	0.03910, 	0.00000
0.43850,	0.03901,	0.05517, 	0.03917, 	0.00000
0.43900,	0.03963,	0.05604, 	0.03982, 	0.00000
0.43950,	0.04010,	0.05671, 	0.04026, 	0.00000
0.44000,	0.03928,	0.05556, 	0.03946, 	0.00000
0.44050,	0.03878,	0.05484, 	0.03893, 	0.00000
0.44100,	0.04006,	0.05666, 	0.04023, 	0.00000
0.44150,	0.04008,	0.05669, 	0.04026, 	0.00000
0.44200,	0.04081,	0.05771, 	0.04098, 	0.00000
0.44250,	0.03925,	0.05551, 	0.03941, 	0.00000
0.44300,	0.03991,	0.05645, 	0.04007, 	0.00000
0.44350,	0.03874,	0.05479, 	0.03888, 	0.00000
0.44400,	0.03985,	0.05636, 	0.04000, 	0.00000
0.44450,	0.03966,	0.05609, 	0.03983, 	0.00000
0.44500,	0.03952,	0.05589, 	0.03966, 	0.00000
0.44550,	0.03992,	0.05646, 	0.04007, 	0.00000
0.44600,	0.03996,	0.05651, 	0.04011, 	0.00000
0.44650,	0.03912,	0.05532, 	0.03924, 	0.00000
0.44700,	0.04058,	0.05740, 	0.04073, 	0.00000
0.44750,	0.04032,	0.05702, 	0.04046, 	0.00000
0.44800,	0.04017,	0.05680, 	0.04031, 	0.00000
0.44850,	0.03895,	0.05508, 	0.03908, 	0.00000
0.44900,	0.04017,	0.05681, 	0.04030, 	0.00000
0.44950,	0.03908,	0.05526, 	0.03920, 	0.00000
0.45000,	0.04019,	0.05684, 	0.04033, 	0.00000
0.45050,	0.04007,	0.05667, 	0.04021, 	0.00000
0.45100,	0.03973,	0.05619, 	0.03987, 	0.00000
0.45150,	0.03979,	0.05627, 	0.03991, 	0.00000
0.45200,	0.03946,	0.05581, 	0.03959, 	0.00000
0.45250,	0.03999,	0.05656, 	0.04012, 	0.00000
0.45300,	0.04086,	0.05778, 	0.04098, 	0.00000
0.45350,	0.04005,	0.05664, 	0.04018, 	0.00000
0.45400,	0.04012,	0.05674, 	0.04025, 	0.00000
0.45450,	0.04027,	0.05696, 	0.04040, 	0.00000
0.45500,	0.04097,	0.05794, 	0.04111, 	0.00000
0.45550,	0.03911,	0.05531, 	0.03922, 	0.00000
0.45600,	0.04122,	0.05830, 	0.04135, 	0.00000
0.45650,	0.03860,	0.05459, 	0.03870, 	0.00000
0.45700,	0.03950,	0.05586, 	0.03962, 	0.00000
0.45750,	0.03952,	0.05589, 	0.03963, 	0.00000
0.45800,	0.04098,	0.05796, 	0.04111, 	0.00000
0.45850,	0.03939,	0.05570, 	0.03950, 	0.00000
0.45900,	0.04064,	0.05748, 	0.04075, 	0.00000
0.45950,	0.04083,	0.05774, 	0.04095, 	0.00000
0.46000,	0.04048,	0.05725, 	0.04059, 	0.00000
0.46050,	0.04075,	0.05763, 	0.04086, 	0.00000
0.46100,	0.03967,	0.05611, 	0.03978, 	0.00000
0.46150,	0.03935,	0.05564, 	0.03944, 	0.00000
0.46200,	0.04024,	0.05690, 	0.04035, 	0.00000
0.46250,	0.03874,	0.05479, 	0.03884, 	0.00000
0.46300,	0.04195,	0.05933, 	0.04207, 	0.00000
0.46350,	0.03990,	0.05642, 	0.04000, 	0.00000
0.46400,	0.03999,	0.05656, 	0.04009, 	0.00000
0.46450,	0.03925,	0.05551, 	0.03935, 	0.00000
0.46500,	0.04020,	0.05686, 	0.04030, 	0.00000
0.46550,	0.04030,	0.05700, 	0.04041, 	0.00000
0.46600,	0.03991,	0.05644, 	0.04001, 	0.00000
0.46650,	0.03944,	0.05578, 	0.03953, 	0.00000
0.46700,	0.04052,	0.05731, 	0.04062, 	0.00000
0.46750,	0.04041,	0.05715, 	0.04051, 	0.00000
0.46800,	0.04070,	0.05756, 	0.04080, 	0.00000
0.46850,	0.03885,	0.05494, 	0.03893, 	0.00000
0.46900,	0.03920,	0.05544, 	0.03928, 	0.00000
0.46950,	0.03994,	0.05649, 	0.04002, 	0.00000
0.47000,	0.03991,	0.05645, 	0.04000, 	0.00000
0.47050,	0.03849,	0.05444, 	0.03858, 	0.00000
0.47100,	0.04039,	0.05712, 	0.04048, 	0.00000
0.47150,	0.03977,	0.05624, 	0.03985, 	0.00000
0.47200,	0.03943,	0.05576, 	0.03952, 	0.00000
0.47250,	0.04036,	0.05708, 	0.04045, 	0.00000
0.47300,	0.03866,	0.05468, 	0.03874, 	0.00000
0.47350,	0.03987,	0.05638, 	0.03995, 	0.00000
0.47400,	0.04095,	0.05791, 	0.04104, 	0.00000
0.47450,	0.03925,	0.05551, 	0.03934, 	0.00000
0.47500,	0.04003,	0.05662, 	0.04012, 	0.00000
0.47550,	0.03914,	0.05535, 	0.03922, 	0.00000
0.47600,	0.03972,	0.05617, 	0.03980, 	0.00000
0.47650,	0.04052,	0.05730, 	0.04060, 	0.00000
0.47700,	0.03955,	0.05594, 	0.03963, 	0.00000
0.47750,	0.03866,	0.05468, 	0.03874, 	0.00000
0.47800,	0.04050,	0.05727, 	0.04058, 	0.00000
0.47850,	0.04071,	0.05757, 	0.04079, 	0.00000
0.47900,	0.03991,	0.05645, 	0.04000, 	0.00000
0.47950,	0.04002,	0.05660, 	0.04010, 	0.00000
0.48000,	0.04062,	0.05745, 	0.04070, 	0.00000
0.48050,	0.03926,	0.05552, 	0.03933, 	0.00000
0.48100,	0.04128,	0.05837, 	0.04136, 	0.00000
0.48150,	0.04175,	0.05904, 	0.04183, 	0.00000
0.48200,	0.03936,	0.05566, 	0.03943, 	0.00000
0.48250,	0.03941,	0.05574, 	0.03949, 	0.00000
0.48300,	0.04133,	0.05845, 	0.04141, 	0.00000
0.48350,	0.04026,	0.05694, 	0.04034, 	0.00000
0.48400,	0.03849,	0.05444, 	0.03856, 	0.00000
0.48450,	0.03975,	0.05622, 	0.03982, 	0.00000
0.48500,	0.04030,	0.05700, 	0.04038, 	0.00000
0.48550,	0.04025,	0.05692, 	0.04032, 	0.00000
0.48600,	0.03920,	0.05544, 	0.03927, 	0.00000
0.48650,	0.03946,	0.05580, 	0.03952, 	0.00000
0.48700,	0.04032,	0.05702, 	0.04039, 	0.00000
0.48750,	0.04053,	0.05731, 	0.04060, 	0.00000
0.48800,	0.04087,	0.05779, 	0.04094, 	0.00000
0.48850,	0.03950,	0.05586, 	0.03956, 	0.00000
0.48900,	0.03934,	0.05563, 	0.03940, 	0.00000
0.48950,	0.04081,	0.05772, 	0.04088, 	0.00000
0.49000,	0.03881,	0.05488, 	0.03888, 	0.00000
0.49050,	0.04073,	0.05759, 	0.04080, 	0.00000
0.49100,	0.04038,	0.05711, 	0.04045, 	0.00000
0.49150,	0.03810,	0.05388, 	0.03816, 	0.00000
0.49200,	0.03932,	0.05561, 	0.03939, 	0.00000
0.49250,	0.03931,	0.05559, 	0.03937, 	0.00000
0.49300,	0.03950,	0.05586, 	0.03957, 	0.00000
0.49350,	0.03909,	0.05528, 	0.03915, 	0.00000
0.49400,	0.03992,	0.05645, 	0.03998, 	0.00000
0.49450,	0.04035,	0.05707, 	0.04042, 	0.00000
0.49500,	0.03907,	0.05525, 	0.03913, 	0.00000
0.49550,	0.03926,	0.05552, 	0.03932, 	0.00000
0.49600,	0.03978,	0.05625, 	0.03985, 	0.00000
0.49650,	0.03960,	0.05600, 	0.03967, 	0.00000
0.49700,	0.03960,	0.05600, 	0.03967, 	0.00000
0.49750,	0.03951,	0.05587, 	0.03957, 	0.00000
0.49800,	0.03976,	0.05624, 	0.03983, 	0.00000
0.49850,	0.04180,	0.05912, 	0.04188, 	0.00000
0.49900,	0.03902,	0.05519, 	0.03909, 	0.00000
0.49950,	0.04018,	0.05683, 	0.04025, 	0.00000
0.50000,	0.04056,	0.05736, 	0.04063, 	0.00000
0.50050,	0.03901,	0.05516, 	0.03907, 	0.00000
0.50100,	0.03979,	0.05627, 	0.03985, 	0.00000
0.50150,	0.03964,	0.05606, 	0.03971, 	0.00000
0.50200,	0.04081,	0.05771, 	0.04088, 	0.00000
0.50250,	0.03887,	0.05498, 	0.03894, 	0.00000
0.50300,	0.03987,	0.05639, 	0.03994, 	0.00000
0.50350,	0.04047,	0.05723, 	0.04054, 	0.00000
0.50400,	0.04067,	0.05751, 	0.04074, 	0.00000
0.50450,	0.03927,	0.05554, 	0.03934, 	0.00000
0.50500,	0.04089,	0.05783, 	0.04096, 	0.00000
0.50550,	0.04097,	0.05794, 	0.04104, 	0.00000
0.50600,	0.03952,	0.05589, 	0.03959, 	0.00000
0.50650,	0.03914,	0.05535, 	0.03920, 	0.00000
0.50700,	0.04064,	0.05747, 	0.04071, 	0.00000
0.50750,	0.03999,	0.05656, 	0.04006, 	0.00000
0.50800,	0.03973,	0.05618, 	0.03979, 	0.00000
0.50850,	0.03915,	0.05536, 	0.03921, 	0.00000
0.50900,	0.04157,	0.05879, 	0.04165, 	0.00000
0.50950,	0.03917,	0.05539, 	0.03923, 	0.00000
0.51000,	0.03971,	0.05616, 	0.03978, 	0.00000
0.51050,	0.04078,	0.05767, 	0.04085, 	0.00000
0.51100,	0.04066,	0.05750, 	0.04074, 	0.00000
0.51150,	0.03879,	0.05486, 	0.03886, 	0.00000
0.51200,	0.03904,	0.05521, 	0.03910, 	0.00000
0.51250,	0.04036,	0.05708, 	0.04044, 	0.00000
0.51300,	0.03962,	0.05603, 	0.03969, 	0.00000
0.51350,	0.04000,	0.05657, 	0.04008, 	0.00000
0.51400,	0.04034,	0.05705, 	0.04041, 	0.00000
0.51450,	0.03999,	0.05656, 	0.04006, 	0.00000
0.51500,	0.03964,	0.05606, 	0.03971, 	0.00000
0.51550,	0.04105,	0.05805, 	0.04113, 	0.00000
0.51600,	0.03876,	0.05482, 	0.03883, 	0.00000
0.51650,	0.03982,	0.05632, 	0.03990, 	0.00000
0.51700,	0.03923,	0.05548, 	0.03930, 	0.00000
0.51750,	0.03978,	0.05626, 	0.03986, 	0.00000
0.51800,	0.03869,	0.05471, 	0.03876, 	0.00000
0.51850,	0.04090,	0.05785, 	0.04099, 	0.00000
0.51900,	0.04038,	0.05711, 	0.04047, 	0.00000
0.51950,	0.04049,	0.05727, 	0.04057, 	0.00000
0.52000,	0.03985,	0.05636, 	0.03993, 	0.00000
0.52050,	0.04010,	0.05671, 	0.04019, 	0.00000
0.52100,	0.04054,	0.05734, 	0.04063, 	0.00000
0.52150,	0.04009,	0.05670, 	0.04018, 	0.00000
0.52200,	0.03943,	0.05576, 	0.03951, 	0.00000
0.52250,	0.03969,	0.05613, 	0.03977, 	0.00000
0.52300,	0.04036,	0.05708, 	0.04044, 	0.00000
0.52350,	0.04103,	0.05802, 	0.04112, 	0.00000
0.52400,	0.03924,	0.05549, 	0.03931, 	0.00000
0.52450,	0.04029,	0.05698, 	0.04037, 	0.00000
0.52500,	0.03856,	0.05453, 	0.03864, 	0.00000
0.52550,	0.03924,	0.05550, 	0.03933, 	0.00000
0.52600,	0.04094,	0.05790, 	0.04103, 	0.00000
0.52650,	0.04069,	0.05754, 	0.04078, 	0.00000
0.52700,	0.04011,	0.05672, 	0.04019, 	0.00000
0.52750,	0.03937,	0.05568, 	0.03946, 	0.00000
0.52800,	0.03993,	0.05647, 	0.04002, 	0.00000
0.52850,	0.03965,	0.05607, 	0.03974, 	0.00000
0.52900,	0.04067,	0.05751, 	0.04076, 	0.00000
0.52950,	0.04037,	0.05710, 	0.04047, 	0.00000
0.53000,	0.03916,	0.05538, 	0.03924, 	0.00000
0.53050,	0.03969,	0.05613, 	0.03978, 	0.00000
0.53100,	0.03855,	0.05452, 	0.03865, 	0.00000
0.53150,	0.03882,	0.05489, 	0.03889, 	0.00000
0.53200,	0.03940,	0.05572, 	0.03950, 	0.00000
0.53250,	0.04044,	0.05719, 	0.04054, 	0.00000
0.53300,	0.04064,	0.05747, 	0.04074, 	0.00000
0.53350,	0.03934,	0.05564, 	0.03943, 	0.00000
0.53400,	0.04044,	0.05719, 	0.04053, 	0.00000
0.53450,	0.03945,	0.05579, 	0.03954, 	0.00000
0.53500,	0.03888,	0.05498, 	0.03897, 	0.00000
0.53550,	0.03964,	0.05606, 	0.03974, 	0.00000
0.53600,	0.03943,	0.05577, 	0.03953, 	0.00000
0.53650,	0.04045,	0.05721, 	0.04055, 	0.00000
0.53700,	0.03958,	0.05597, 	0.03969, 	0.00000
0.53750,	0.03873,	0.05477, 	0.03883, 	0.00000
0.53800,	0.04020,	0.05685, 	0.04031, 	0.00000
0.53850,	0.03937,	0.05567, 	0.03948, 	0.00000
0.53900,	0.04094,	0.05790, 	0.04106, 	0.00000
0.53950,	0.04035,	0.05706, 	0.04046, 	0.00000
0.54000,	0.04060,	0.05742, 	0.04072, 	0.00000
0.54050,	0.03921,	0.05545, 	0.03931, 	0.00000
0.54100,	0.03966,	0.05609, 	0.03977, 	0.00000
0.54150,	0.04007,	0.05666, 	0.04018, 	0.00000
0.54200,	0.03954,	0.05592, 	0.03965, 	0.00000
0.54250,	0.03920,	0.05543, 	0.03931, 	0.00000
0.54300,	0.03931,	0.05560, 	0.03943, 	0.00000
0.54350,	0.04004,	0.05662, 	0.04016, 	0.00000
0.54400,	0.04100,	0.05798, 	0.04113, 	0.00000
0.54450,	0.03899,	0.05515, 	0.03910, 	0.00000
0.54500,	0.03982,	0.05631, 	0.03994, 	0.00000
0.54550,	0.04054,	0.05733, 	0.04066, 	0.00000
0.54600,	0.03908,	0.05527, 	0.03920, 	0.00000
0.54650,	0.03984,	0.05634, 	0.03996, 	0.00000
0.54700,	0.03885,	0.05495, 	0.03898, 	0.00000
0.54750,	0.03998,	0.05654, 	0.04011, 	0.00000
0.54800,	0.03969,	0.05613, 	0.03983, 	0.00000
0.54850,	0.04014,	0.05676, 	0.04027, 	0.00000
0.54900,	0.04092,	0.05787, 	0.04106, 	0.00000
0.54950,	0.03963,	0.05605, 	0.03974, 	0.00000
0.55000,	0.03982,	0.05632, 	0.03995, 	0.00000
0.55050,	0.03990,	0.05643, 	0.04004, 	0.00000
0.55100,	0.03985,	0.05635, 	0.04000, 	0.00000
0.55150,	0.03999,	0.05655, 	0.04013, 	0.00000
0.55200,	0.03994,	0.05648, 	0.04007, 	0.00000
0.55250,	0.03968,	0.05611, 	0.03982, 	0.00000
0.55300,	0.04051,	0.05729, 	0.04065, 	0.00000
0.55350,	0.04150,	0.05869, 	0.04166, 	0.00000
0.55400,	0.03887,	0.05497, 	0.03901, 	0.00000
0.55450,	0.03914,	0.05535, 	0.03928, 	0.00000
0.55500,	0.03983,	0.05633, 	0.04000, 	0.00000
0.55550,	0.04103,	0.05803, 	0.04119, 	0.00000
0.55600,	0.04097,	0.05794, 	0.04113, 	0.00000
0.55650,	0.04130,	0.05841, 	0.04147, 	0.00000
0.55700,	0.04136,	0.05850, 	0.04153, 	0.00000
0.55750,	0.04032,	0.05701, 	0.04047, 	0.00000
0.55800,	0.03983,	0.05632, 	0.03999, 	0.00000
0.55850,	0.03987,	0.05639, 	0.04004, 	0.00000
0.55900,	0.04151,	0.05870, 	0.04167, 	0.00000
0.55950,	0.04027,	0.05695, 	0.04043, 	0.00000
0.56000,	0.03900,	0.05516, 	0.03915, 	0.00000
0.56050,	0.04053,	0.05732, 	0.04071, 	0.00000
0.56100,	0.03993,	0.05647, 	0.04011, 	0.00000
0.56150,	0.04036,	0.05708, 	0.04053, 	0.00000
0.56200,	0.03889,	0.05500, 	0.03905, 	0.00000
0.56250,	0.03868,	0.05471, 	0.03885, 	0.00000
0.56300,	0.03993,	0.05646, 	0.04010, 	0.00000
0.56350,	0.03907,	0.05525, 	0.03924, 	0.00000
0.56400,	0.03961,	0.05602, 	0.03980, 	0.00000
0.56450,	0.03943,	0.05577, 	0.03961, 	0.00000
0.56500,	0.03959,	0.05599, 	0.03976, 	0.00000
0.56550,	0.03970,	0.05614, 	0.03987, 	0.00000
0.56600,	0.03913,	0.05533, 	0.03930, 	0.00000
0.56650,	0.03964,	0.05606, 	0.03982, 	0.00000
0.56700,	0.04064,	0.05747, 	0.04084, 	0.00000
0.56750,	0.04001,	0.05659, 	0.04020, 	0.00000
0.56800,	0.03799,	0.05373, 	0.03815, 	0.00000
0.56850,	0.04047,	0.05723, 	0.04067, 	0.00000
0.56900,	0.03950,	0.05586, 	0.03969, 	0.00000
0.56950,	0.03954,	0.05592, 	0.03974, 	0.00000
0.57000,	0.04008,	0.05668, 	0.04028, 	0.00000
0.57050,	0.04022,	0.05687, 	0.04042, 	0.00000
0.57100,	0.03865,	0.05467, 	0.03885, 	0.00000
0.57150,	0.03941,	0.05573, 	0.03960, 	0.00000
0.57200,	0.03951,	0.05588, 	0.03971, 	0.00000
0.57250,	0.03973,	0.05619, 	0.03993, 	0.00000
0.57300,	0.04010,	0.05671, 	0.04031, 	0.00000
0.57350,	0.04050,	0.05727, 	0.04070, 	0.00000
0.57400,	0.03944,	0.05578, 	0.03965, 	0.00000
0.57450,	0.04140,	0.05855, 	0.04161, 	0.00000
0.57500,	0.04025,	0.05692, 	0.04050, 	0.00000
0.57550,	0.03990,	0.05643, 	0.04012, 	0.00000
0.57600,	0.03958,	0.05598, 	0.03981, 	0.00000
0.57650,	0.03992,	0.05646, 	0.04017, 	0.00000
0.57700,	0.03936,	0.05566, 	0.03957, 	0.00000
0.57750,	0.03917,	0.05539, 	0.03942, 	0.00000
0.57800,	0.04033,	0.05704, 	0.04058, 	0.00000
0.57850,	0.04107,	0.05808, 	0.04132, 	0.00000
0.57900,	0.04007,	0.05666, 	0.04031, 	0.00000
0.57950,	0.03880,	0.05487, 	0.03904, 	0.00000
0.58000,	0.03924,	0.05550, 	0.03948, 	0.00000
0.58050,	0.03905,	0.05523, 	0.03931, 	0.00000
0.58100,	0.03979,	0.05627, 	0.04002, 	0.00000
0.58150,	0.03963,	0.05605, 	0.03990, 	0.00000
0.58200,	0.03863,	0.05462, 	0.03885, 	0.00000
0.58250,	0.04017,	0.05680, 	0.04043, 	0.00000
0.58300,	0.03977,	0.05625, 	0.04002, 	0.00000
0.58350,	0.03926,	0.05553, 	0.03951, 	0.00000
0.58400,	0.03983,	0.05632, 	0.04010, 	0.00000
0.58450,	0.03974,	0.05621, 	0.04000, 	0.00000
0.58500,	0.03997,	0.05653, 	0.04024, 	0.00000
0.58550,	0.04051,	0.05729, 	0.04077, 	0.00000
0.58600,	0.03919,	0.05542, 	0.03945, 	0.00000
0.58650,	0.03942,	0.05575, 	0.03970, 	0.00000
0.58700,	0.03944,	0.05578, 	0.03971, 	0.00000
0.58750,	0.03903,	0.05519, 	0.03930, 	0.00000
0.58800,	0.04016,	0.05680, 	0.04045, 	0.00000
0.58850,	0.03941,	0.05574, 	0.03968, 	0.00000
0.58900,	0.04011,	0.05672, 	0.04041, 	0.00000
0.58950,	0.03957,	0.05596, 	0.03983, 	0.00000
0.59000,	0.03966,	0.05609, 	0.03993, 	0.00000
0.59050,	0.03854,	0.05451, 	0.03882, 	0.00000
0.59100,	0.04003,	0.05661, 	0.04032, 	0.00000
0.59150,	0.03962,	0.05604, 	0.03991, 	0.00000
0.59200,	0.03926,	0.05552, 	0.03956, 	0.00000
0.59250,	0.03945,	0.05579, 	0.03976, 	0.00000
0.59300,	0.04013,	0.05675, 	0.04042, 	0.00000
0.59350,	0.03973,	0.05619, 	0.04005, 	0.00000
0.59400,	0.04031,	0.05701, 	0.04061, 	0.00000
0.59450,	0.03881,	0.05488, 	0.03912, 	0.00000
0.59500,	0.03982,	0.05631, 	0.04013, 	0.00000
0.59550,	0.03950,	0.05586, 	0.03984, 	0.00000
0.59600,	0.04136,	0.05850, 	0.04171, 	0.00000
0.59650,	0.04009,	0.05669, 	0.04039, 	0.00000
0.59700,	0.03940,	0.05572, 	0.03975, 	0.00000
0.59750,	0.04180,	0.05911, 	0.04214, 	0.00000
0.59800,	0.04075,	0.05763, 	0.04112, 	0.00000
0.59850,	0.03873,	0.05477, 	0.03906, 	0.00000
0.59900,	0.04027,	0.05696, 	0.04061, 	0.00000
0.59950,	0.03933,	0.05562, 	0.03966, 	0.00000
0.60000,	0.03809,	0.05387, 	0.03843, 	0.00000
0.60050,	0.03872,	0.05476, 	0.03905, 	0.00000
0.60100,	0.03995,	0.05650, 	0.04030, 	0.00000
0.60150,	0.03948,	0.05584, 	0.03981, 	0.00000
0.60200,	0.03894,	0.05508, 	0.03929, 	0.00000
0.60250,	0.04048,	0.05725, 	0.04088, 	0.00000
0.60300,	0.03848,	0.05442, 	0.03885, 	0.00000
0.60350,	0.03913,	0.05533, 	0.03953, 	0.00000
0.60400,	0.04086,	0.05779, 	0.04126, 	0.00000
0.60450,	0.03969,	0.05613, 	0.04005, 	0.00000
0.60500,	0.03863,	0.05463, 	0.03899, 	0.00000
0.60550,	0.03982,	0.05632, 	0.04020, 	0.00000
0.60600,	0.03926,	0.05552, 	0.03962, 	0.00000
0.60650,	0.03967,	0.05611, 	0.04007, 	0.00000
0.60700,	0.04129,	0.05840, 	0.04172, 	0.00000
0.60750,	0.03972,	0.05618, 	0.04015, 	0.00000
0.60800,	0.03900,	0.05516, 	0.03937, 	0.00000
0.60850,	0.04054,	0.05734, 	0.04095, 	0.00000
0.60900,	0.03953,	0.05590, 	0.03993, 	0.00000
0.60950,	0.04041,	0.05715, 	0.04083, 	0.00000
0.61000,	0.03989,	0.05641, 	0.04028, 	0.00000
0.61050,	0.04002,	0.05660, 	0.04043, 	0.00000
0.61100,	0.03998,	0.05654, 	0.04041, 	0.00000
0.61150,	0.03994,	0.05649, 	0.04036, 	0.00000
0.61200,	0.03956,	0.05595, 	0.04001, 	0.00000
0.61250,	0.03982,	0.05632, 	0.04027, 	0.00000
0.61300,	0.04016,	0.05680, 	0.04056, 	0.00000
0.61350,	0.04008,	0.05668, 	0.04048, 	0.00000
0.61400,	0.03818,	0.05399, 	0.03860, 	0.00000
0.61450,	0.03949,	0.05585, 	0.03989, 	0.00000
0.61500,	0.04029,	0.05698, 	0.04076, 	0.00000
0.61550,	0.03922,	0.05546, 	0.03962, 	0.00000
0.61600,	0.04031,	0.05700, 	0.04075, 	0.00000
0.61650,	0.03901,	0.05516, 	0.03942, 	0.00000
0.61700,	0.04012,	0.05673, 	0.04054, 	0.00000
0.61750,	0.04076,	0.05764, 	0.04127, 	0.00000
0.61800,	0.04077,	0.05766, 	0.04121, 	0.00000
0.61850,	0.03789,	0.05359, 	0.03832, 	0.00000
0.61900,	0.04118,	0.05824, 	0.04168, 	0.00000
0.61950,	0.03855,	0.05452, 	0.03900, 	0.00000
0.62000,	0.03805,	0.05382, 	0.03851, 	0.00000
0.62050,	0.03932,	0.05561, 	0.03976, 	0.00000
0.62100,	0.03940,	0.05572, 	0.03982, 	0.00000
0.62150,	0.04017,	0.05681, 	0.04066, 	0.00000
0.62200,	0.03878,	0.05484, 	0.03927, 	0.00000
0.62250,	0.04000,	0.05657, 	0.04050, 	0.00000
0.62300,	0.04057,	0.05738, 	0.04102, 	0.00000
0.62350,	0.03934,	0.05564, 	0.03985, 	0.00000
0.62400,	0.03911,	0.05531, 	0.03962, 	0.00000
0.62450,	0.03891,	0.05502, 	0.03941, 	0.00000
0.62500,	0.04010,	0.05671, 	0.04064, 	0.00000
0.62550,	0.03938,	0.05568, 	0.03988, 	0.00000
0.62600,	0.04014,	0.05676, 	0.04066, 	0.00000
0.62650,	0.04097,	0.05794, 	0.04149, 	0.00000
0.62700,	0.03885,	0.05495, 	0.03937, 	0.00000
0.62750,	0.03835,	0.05424, 	0.03886, 	0.00000
0.62800,	0.03952,	0.05588, 	0.04004, 	0.00000
0.62850,	0.03799,	0.05373, 	0.03853, 	0.00000
0.62900,	0.03978,	0.05626, 	0.04030, 	0.00000
0.62950,	0.04097,	0.05793, 	0.04154, 	0.00000
0.63000,	0.03961,	0.05602, 	0.04014, 	0.00000
0.63050,	0.03847,	0.05441, 	0.03897, 	0.00000
0.63100,	0.03715,	0.05254, 	0.03765, 	0.00000
0.63150,	0.03934,	0.05564, 	0.03985, 	0.00000
0.63200,	0.03933,	0.05562, 	0.03990, 	0.00000
0.63250,	0.03889,	0.05500, 	0.03940, 	0.00000
0.63300,	0.03942,	0.05575, 	0.04001, 	0.00000
0.63350,	0.04054,	0.05733, 	0.04113, 	0.00000
0.63400,	0.03946,	0.05580, 	0.04002, 	0.00000
0.63450,	0.03934,	0.05563, 	0.03991, 	0.00000
0.63500,	0.03956,	0.05595, 	0.04013, 	0.00000
0.63550,	0.03872,	0.05476, 	0.03929, 	0.00000
0.63600,	0.03985,	0.05635, 	0.04044, 	0.00000
0.63650,	0.03845,	0.05438, 	0.03904, 	0.00000
0.63700,	0.03930,	0.05558, 	0.03992, 	0.00000
0.63750,	0.03983,	0.05633, 	0.04043, 	0.00000
0.63800,	0.03831,	0.05418, 	0.03892, 	0.00000
0.63850,	0.04010,	0.05671, 	0.04072, 	0.00000
0.63900,	0.03948,	0.05583, 	0.04011, 	0.00000
0.63950,	0.03935,	0.05565, 	0.04000, 	0.00000
0.64000,	0.04037,	0.05709, 	0.04104, 	0.00000
0.64050,	0.03871,	0.05475, 	0.03933, 	0.00000
0.64100,	0.03775,	0.05338, 	0.03837, 	0.00000
0.64150,	0.03984,	0.05634, 	0.04051, 	0.00000
0.64200,	0.03873,	0.05478, 	0.03937, 	0.00000
0.64250,	0.03958,	0.05597, 	0.04021, 	0.00000
0.64300,	0.04003,	0.05661, 	0.04069, 	0.00000
0.64350,	0.03897,	0.05511, 	0.03962, 	0.00000
0.64400,	0.03888,	0.05498, 	0.03944, 	0.00000
0.64450,	0.03880,	0.05487, 	0.03946, 	0.00000
0.64500,	0.03795,	0.05367, 	0.03858, 	0.00000
0.64550,	0.03993,	0.05647, 	0.04060, 	0.00000
0.64600,	0.04021,	0.05686, 	0.04094, 	0.00000
0.64650,	0.03886,	0.05495, 	0.03952, 	0.00000
0.64700,	0.03873,	0.05478, 	0.03944, 	0.00000
0.64750,	0.03951,	0.05587, 	0.04018, 	0.00000
0.64800,	0.03910,	0.05529, 	0.03981, 	0.00000
0.64850,	0.03983,	0.05632, 	0.04053, 	0.00000
0.64900,	0.03912,	0.05533, 	0.03979, 	0.00000
0.64950,	0.03923,	0.05549, 	0.03991, 	0.00000
0.65000,	0.03905,	0.05522, 	0.03978, 	0.00000
0.65050,	0.03888,	0.05498, 	0.03964, 	0.00000
0.65100,	0.04120,	0.05826, 	0.04191, 	0.00000
0.65150,	0.03824,	0.05407, 	0.03894, 	0.00000
0.65200,	0.03925,	0.05550, 	0.03999, 	0.00000
0.65250,	0.03792,	0.05362, 	0.03866, 	0.00000
0.65300,	0.03947,	0.05582, 	0.04019, 	0.00000
0.65350,	0.03889,	0.05500, 	0.03963, 	0.00000
0.65400,	0.03864,	0.05464, 	0.03938, 	0.00000
0.65450,	0.03842,	0.05434, 	0.03912, 	0.00000
0.65500,	0.03970,	0.05614, 	0.04044, 	0.00000
0.65550,	0.03918,	0.05541, 	0.03991, 	0.00000
0.65600,	0.03903,	0.05520, 	0.03984, 	0.00000
0.65650,	0.03999,	0.05656, 	0.04079, 	0.00000
0.65700,	0.03833,	0.05421, 	0.03908, 	0.00000
0.65750,	0.03867,	0.05469, 	0.03945, 	0.00000
0.65800,	0.03865,	0.05466, 	0.03946, 	0.00000
0.65850,	0.03863,	0.05463, 	0.03941, 	0.00000
0.65900,	0.03912,	0.05533, 	0.03994, 	0.00000
0.65950,	0.03894,	0.05506, 	0.03974, 	0.00000
0.66000,	0.03931,	0.05559, 	0.04005, 	0.00000
0.66050,	0.03847,	0.05441, 	0.03927, 	0.00000
0.66100,	0.03982,	0.05631, 	0.04064, 	0.00000
0.66150,	0.03754,	0.05309, 	0.03842, 	0.00000
0.66200,	0.03918,	0.05541, 	0.04001, 	0.00000
0.66250,	0.04020,	0.05685, 	0.04106, 	0.00000
0.66300,	0.03853,	0.05448, 	0.03938, 	0.00000
0.66350,	0.03935,	0.05565, 	0.04018, 	0.00000
0.66400,	0.03926,	0.05552, 	0.04004, 	0.00000
0.66450,	0.03963,	0.05605, 	0.04052, 	0.00000
0.66500,	0.03967,	0.05610, 	0.04041, 	0.00000
0.66550,	0.03803,	0.05378, 	0.03887, 	0.00000
0.66600,	0.03968,	0.05612, 	0.04050, 	0.00000
0.66650,	0.03925,	0.05550, 	0.04009, 	0.00000
0.66700,	0.04044,	0.05719, 	0.04138, 	0.00000
0.66750,	0.03903,	0.05519, 	0.03987, 	0.00000
0.66800,	0.04070,	0.05755, 	0.04162, 	0.00000
0.66850,	0.03853,	0.05449, 	0.03945, 	0.00000
0.66900,	0.03994,	0.05648, 	0.04084, 	0.00000
0.66950,	0.03885,	0.05495, 	0.03970, 	0.00000
0.67000,	0.04050,	0.05727, 	0.04146, 	0.00000
0.67050,	0.03855,	0.05451, 	0.03946, 	0.00000
0.67100,	0.03870,	0.05473, 	0.03957, 	0.00000
0.67150,	0.03967,	0.05610, 	0.04060, 	0.00000
0.67200,	0.03987,	0.05638, 	0.04080, 	0.00000
0.67250,	0.03765,	0.05325, 	0.03859, 	0.00000
0.67300,	0.03969,	0.05613, 	0.04062, 	0.00000
0.67350,	0.03905,	0.05523, 	0.04000, 	0.00000
0.67400,	0.03964,	0.05606, 	0.04065, 	0.00000
0.67450,	0.03972,	0.05617, 	0.04070, 	0.00000
0.67500,	0.03976,	0.05623, 	0.04070, 	0.00000
0.67550,	0.04014,	0.05677, 	0.04111, 	0.00000
0.67600,	0.03955,	0.05593, 	0.04047, 	0.00000
0.67650,	0.03872,	0.05476, 	0.03969, 	0.00000
0.67700,	0.03878,	0.05484, 	0.03988, 	0.00000
0.67750,	0.03988,	0.05640, 	0.04094, 	0.00000
0.67800,	0.03797,	0.05370, 	0.03887, 	0.00000
0.67850,	0.03909,	0.05528, 	0.04001, 	0.00000
0.67900,	0.04011,	0.05673, 	0.04107, 	0.00000
0.67950,	0.03918,	0.05542, 	0.04016, 	0.00000
0.68000,	0.03991,	0.05645, 	0.04099, 	0.00000
0.68050,	0.03937,	0.05568, 	0.04042, 	0.00000
0.68100,	0.03844,	0.05436, 	0.03941, 	0.00000
0.68150,	0.03945,	0.05579, 	0.04048, 	0.00000
0.68200,	0.03860,	0.05458, 	0.03959, 	0.00000
0.68250,	0.03920,	0.05544, 	0.04015, 	0.00000
0.68300,	0.03931,	0.05559, 	0.04034, 	0.00000
0.68350,	0.03838,	0.05428, 	0.03942, 	0.00000
0.68400,	0.03861,	0.05461, 	0.03960, 	0.00000
0.68450,	0.03760,	0.05318, 	0.03860, 	0.00000
0.68500,	0.03968,	0.05612, 	0.04075, 	0.00000
0.68550,	0.03921,	0.05546, 	0.04031, 	0.00000
0.68600,	0.03849,	0.05443, 	0.03960, 	0.00000
0.68650,	0.03932,	0.05561, 	0.04045, 	0.00000
0.68700,	0.03807,	0.05383, 	0.03919, 	0.00000
0.68750,	0.03874,	0.05478, 	0.03984, 	0.00000
0.68800,	0.03719,	0.05259, 	0.03827, 	0.00000
0.68850,	0.03806,	0.05382, 	0.03903, 	0.00000
0.68900,	0.03983,	0.05633, 	0.04099, 	0.00000
0.68950,	0.03916,	0.05538, 	0.04028, 	0.00000
0.69000,	0.03958,	0.05597, 	0.04071, 	0.00000
0.69050,	0.03915,	0.05536, 	0.04025, 	0.00000
0.69100,	0.03946,	0.05580, 	0.04056, 	0.00000
0.69150,	0.04005,	0.05664, 	0.04133, 	0.00000
0.69200,	0.03849,	0.05443, 	0.03971, 	0.00000
0.69250,	0.03777,	0.05341, 	0.03890, 	0.00000
0.69300,	0.03874,	0.05479, 	0.03982, 	0.00000
0.69350,	0.04024,	0.05691, 	0.04148, 	0.00000
0.69400,	0.03843,	0.05435, 	0.03959, 	0.00000
0.69450,	0.03946,	0.05581, 	0.04061, 	0.00000
0.69500,	0.03929,	0.05556, 	0.04057, 	0.00000
0.69550,	0.03892,	0.05504, 	0.04016, 	0.00000
0.69600,	0.03774,	0.05338, 	0.03892, 	0.00000
0.69650,	0.03944,	0.05577, 	0.04068, 	0.00000
0.69700,	0.03921,	0.05546, 	0.04044, 	0.00000
0.69750,	0.03846,	0.05439, 	0.03969, 	0.00000
0.69800,	0.03909,	0.05529, 	0.04029, 	0.00000
0.69850,	0.03855,	0.05452, 	0.03981, 	0.00000
0.69900,	0.04009,	0.05669, 	0.04134, 	0.00000
0.69950,	0.03827,	0.05412, 	0.03956, 	0.00000
0.70000,	0.03961,	0.05602, 	0.04087, 	0.00000
0.70050,	0.03867,	0.05469, 	0.03990, 	0.00000
0.70100,	0.03885,	0.05494, 	0.04007, 	0.00000
0.70150,	0.03929,	0.05557, 	0.04057, 	0.00000
0.70200,	0.03872,	0.05475, 	0.04004, 	0.00000
0.70250,	0.03914,	0.05535, 	0.04046, 	0.00000
0.70300,	0.03821,	0.05404, 	0.03953, 	0.00000
0.70350,	0.03787,	0.05356, 	0.03905, 	0.00000
0.70400,	0.03816,	0.05396, 	0.03936, 	0.00000
0.70450,	0.03812,	0.05391, 	0.03942, 	0.00000
0.70500,	0.03886,	0.05495, 	0.04018, 	0.00000
0.70550,	0.03864,	0.05465, 	0.03996, 	0.00000
0.70600,	0.03722,	0.05263, 	0.03845, 	0.00000
0.70650,	0.03846,	0.05439, 	0.03976, 	0.00000
0.70700,	0.03812,	0.05390, 	0.03948, 	0.00000
0.70750,	0.03921,	0.05545, 	0.04045, 	0.00000
0.70800,	0.03787,	0.05356, 	0.03918, 	0.00000
0.70850,	0.03931,	0.05559, 	0.04081, 	0.00000
0.70900,	0.04033,	0.05704, 	0.04173, 	0.00000
0.70950,	0.03938,	0.05569, 	0.04075, 	0.00000
0.71000,	0.03920,	0.05544, 	0.04065, 	0.00000
0.71050,	0.03888,	0.05499, 	0.04042, 	0.00000
0.71100,	0.03890,	0.05501, 	0.04032, 	0.00000
0.71150,	0.03859,	0.05457, 	0.04015, 	0.00000
0.71200,	0.03873,	0.05478, 	0.04015, 	0.00000
0.71250,	0.03815,	0.05395, 	0.03962, 	0.00000
0.71300,	0.03940,	0.05572, 	0.04080, 	0.00000
0.71350,	0.03859,	0.05458, 	0.04015, 	0.00000
0.71400,	0.03904,	0.05521, 	0.04048, 	0.00000
0.71450,	0.03793,	0.05365, 	0.03931, 	0.00000
0.71500,	0.03751,	0.05305, 	0.03897, 	0.00000
0.71550,	0.03956,	0.05594, 	0.04107, 	0.00000
0.71600,	0.03843,	0.05434, 	0.03983, 	0.00000
0.71650,	0.03812,	0.05390, 	0.03976, 	0.00000
0.71700,	0.03870,	0.05473, 	0.04028, 	0.00000
0.71750,	0.03881,	0.05488, 	0.04028, 	0.00000
0.71800,	0.03853,	0.05450, 	0.03995, 	0.00000
0.71850,	0.03817,	0.05398, 	0.03971, 	0.00000
0.71900,	0.03886,	0.05496, 	0.04043, 	0.00000
0.71950,	0.03831,	0.05417, 	0.03974, 	0.00000
0.72000,	0.03875,	0.05480, 	0.04039, 	0.00000
0.72050,	0.03848,	0.05442, 	0.03990, 	0.00000
0.72100,	0.03898,	0.05513, 	0.04057, 	0.00000
0.72150,	0.03737,	0.05285, 	0.03894, 	0.00000
0.72200,	0.03953,	0.05591, 	0.04132, 	0.00000
0.72250,	0.03825,	0.05410, 	0.03986, 	0.00000
0.72300,	0.03836,	0.05425, 	0.04005, 	0.00000
0.72350,	0.03740,	0.05289, 	0.03909, 	0.00000
0.72400,	0.03818,	0.05400, 	0.03986, 	0.00000
0.72450,	0.03906,	0.05524, 	0.04068, 	0.00000
0.72500,	0.03881,	0.05489, 	0.04058, 	0.00000
0.72550,	0.04051,	0.05729, 	0.04215, 	0.00000
0.72600,	0.03888,	0.05498, 	0.04037, 	0.00000
0.72650,	0.03915,	0.05537, 	0.04078, 	0.00000
0.72700,	0.03895,	0.05509, 	0.04059, 	0.00000
0.72750,	0.04010,	0.05671, 	0.04181, 	0.00000
0.72800,	0.03846,	0.05440, 	0.04008, 	0.00000
0.72850,	0.03856,	0.05453, 	0.04034, 	0.00000
0.72900,	0.03877,	0.05483, 	0.04048, 	0.00000
0.72950,	0.03919,	0.05543, 	0.04082, 	0.00000
0.73000,	0.03812,	0.05391, 	0.03982, 	0.00000
0.73050,	0.03956,	0.05595, 	0.04149, 	0.00000
0.73100,	0.03855,	0.05452, 	0.04030, 	0.00000
0.73150,	0.03872,	0.05475, 	0.04043, 	0.00000
0.73200,	0.03781,	0.05348, 	0.03943, 	0.00000
0.73250,	0.03835,	0.05423, 	0.03993, 	0.00000
0.73300,	0.03742,	0.05292, 	0.03916, 	0.00000
0.73350,	0.03812,	0.05391, 	0.03990, 	0.00000
0.73400,	0.03772,	0.05334, 	0.03944, 	0.00000
0.73450,	0.03898,	0.05513, 	0.04077, 	0.00000
0.73500,	0.03788,	0.05356, 	0.03962, 	0.00000
0.73550,	0.03803,	0.05378, 	0.03987, 	0.00000
0.73600,	0.03827,	0.05413, 	0.04010, 	0.00000
0.73650,	0.03857,	0.05455, 	0.04041, 	0.00000
0.73700,	0.03972,	0.05618, 	0.04167, 	0.00000
0.73750,	0.03960,	0.05601, 	0.04139, 	0.00000
0.73800,	0.03874,	0.05479, 	0.04059, 	0.00000
0.73850,	0.03938,	0.05570, 	0.04132, 	0.00000
0.73900,	0.03916,	0.05537, 	0.04118, 	0.00000
0.73950,	0.03834,	0.05423, 	0.04031, 	0.00000
0.74000,	0.03807,	0.05384, 	0.04001, 	0.00000
0.74050,	0.03746,	0.05298, 	0.03935, 	0.00000
0.74100,	0.03876,	0.05481, 	0.04075, 	0.00000
0.74150,	0.03754,	0.05309, 	0.03943, 	0.00000
0.74200,	0.03871,	0.05475, 	0.04077, 	0.00000
0.74250,	0.03890,	0.05501, 	0.04089, 	0.00000
0.74300,	0.03882,	0.05490, 	0.04095, 	0.00000
0.74350,	0.03750,	0.05304, 	0.03951, 	0.00000
0.74400,	0.03783,	0.05350, 	0.03984, 	0.00000
0.74450,	0.03827,	0.05412, 	0.04025, 	0.00000
0.74500,	0.03848,	0.05443, 	0.04042, 	0.00000
0.74550,	0.03819,	0.05401, 	0.04026, 	0.00000
0.74600,	0.03668,	0.05188, 	0.03859, 	0.00000
0.74650,	0.03801,	0.05375, 	0.04016, 	0.00000
0.74700,	0.03835,	0.05424, 	0.04036, 	0.00000
0.74750,	0.03752,	0.05306, 	0.03968, 	0.00000
0.74800,	0.03816,	0.05397, 	0.04034, 	0.00000
0.74850,	0.03705,	0.05240, 	0.03895, 	0.00000
0.74900,	0.03760,	0.05318, 	0.03953, 	0.00000
0.74950,	0.03864,	0.05464, 	0.04056, 	0.00000
0.75000,	0.03868,	0.05471, 	0.04069, 	0.00000
0.75050,	0.03913,	0.05534, 	0.04135, 	0.00000
0.75100,	0.03850,	0.05445, 	0.04078, 	0.00000
0.75150,	0.03860,	0.05459, 	0.04099, 	0.00000
0.75200,	0.03852,	0.05447, 	0.04069, 	0.00000
0.75250,	0.03711,	0.05248, 	0.03918, 	0.00000
0.75300,	0.03794,	0.05366, 	0.04008, 	0.00000
0.75350,	0.03735,	0.05281, 	0.03944, 	0.00000
0.75400,	0.03742,	0.05292, 	0.03953, 	0.00000
0.75450,	0.03818,	0.05399, 	0.04024, 	0.00000
0.75500,	0.03857,	0.05455, 	0.04075, 	0.00000
0.75550,	0.03928,	0.05555, 	0.04154, 	0.00000
0.75600,	0.03983,	0.05633, 	0.04225, 	0.00000
0.75650,	0.03781,	0.05347, 	0.04015, 	0.00000
0.75700,	0.03854,	0.05450, 	0.04075, 	0.00000
0.75750,	0.03816,	0.05397, 	0.04040, 	0.00000
0.75800,	0.03803,	0.05379, 	0.04027, 	0.00000
0.75850,	0.03795,	0.05367, 	0.04043, 	0.00000
0.75900,	0.03947,	0.05582, 	0.04192, 	0.00000
0.75950,	0.03767,	0.05327, 	0.04000, 	0.00000
0.76000,	0.03844,	0.05436, 	0.04087, 	0.00000
0.76050,	0.03783,	0.05349, 	0.04012, 	0.00000
0.76100,	0.03790,	0.05361, 	0.04010, 	0.00000
0.76150,	0.03741,	0.05290, 	0.03968, 	0.00000
0.76200,	0.03857,	0.05455, 	0.04097, 	0.00000
0.76250,	0.03882,	0.05490, 	0.04124, 	0.00000
0.76300,	0.03805,	0.05380, 	0.04042, 	0.00000
0.76350,	0.03649,	0.05161, 	0.03860, 	0.00000
0.76400,	0.03683,	0.05208, 	0.03921, 	0.00000
0.76450,	0.03831,	0.05418, 	0.04069, 	0.00000
0.76500,	0.03874,	0.05478, 	0.04107, 	0.00000
0.76550,	0.03887,	0.05497, 	0.04164, 	0.00000
0.76600,	0.03858,	0.05455, 	0.04124, 	0.00000
0.76650,	0.03831,	0.05418, 	0.04069, 	0.00000
0.76700,	0.03823,	0.05407, 	0.04056, 	0.00000
0.76750,	0.03703,	0.05236, 	0.03922, 	0.00000
0.76800,	0.03829,	0.05414, 	0.04069, 	0.00000
0.76850,	0.03829,	0.05415, 	0.04100, 	0.00000
0.76900,	0.03697,	0.05228, 	0.03942, 	0.00000
0.76950,	0.03774,	0.05337, 	0.04019, 	0.00000
0.77000,	0.03858,	0.05456, 	0.04119, 	0.00000
0.77050,	0.03702,	0.05236, 	0.03952, 	0.00000
0.77100,	0.03881,	0.05488, 	0.04136, 	0.00000
0.77150,	0.03876,	0.05481, 	0.04130, 	0.00000
0.77200,	0.03829,	0.05415, 	0.04090, 	0.00000
0.77250,	0.03851,	0.05446, 	0.04122, 	0.00000
0.77300,	0.03781,	0.05347, 	0.04032, 	0.00000
0.77350,	0.03871,	0.05475, 	0.04132, 	0.00000
0.77400,	0.03763,	0.05322, 	0.04051, 	0.00000
0.77450,	0.03791,	0.05362, 	0.04067, 	0.00000
0.77500,	0.03872,	0.05476, 	0.04145, 	0.00000
0.77550,	0.03938,	0.05569, 	0.04221, 	0.00000
0.77600,	0.03860,	0.05460, 	0.04126, 	0.00000
0.77650,	0.03774,	0.05337, 	0.04039, 	0.00000
0.77700,	0.03801,	0.05376, 	0.04077, 	0.00000
0.77750,	0.03642,	0.05150, 	0.03909, 	0.00000
0.77800,	0.03809,	0.05386, 	0.04089, 	0.00000
0.77850,	0.03848,	0.05442, 	0.04137, 	0.00000
0.77900,	0.03783,	0.05350, 	0.04060, 	0.00000
0.77950,	0.03798,	0.05371, 	0.04087, 	0.00000
0.78000,	0.03826,	0.05411, 	0.04098, 	0.00000
0.78050,	0.03720,	0.05260, 	0.03991, 	0.00000
0.78100,	0.03787,	0.05355, 	0.04071, 	0.00000
0.78150,	0.03860,	0.05459, 	0.04145, 	0.00000
0.78200,	0.03813,	0.05392, 	0.04096, 	0.00000
0.78250,	0.03886,	0.05495, 	0.04169, 	0.00000
0.78300,	0.03788,	0.05357, 	0.04078, 	0.00000
0.78350,	0.03831,	0.05418, 	0.04105, 	0.00000
0.78400,	0.03835,	0.05423, 	0.04126, 	0.00000
0.78450,	0.03792,	0.05363, 	0.04078, 	0.00000
0.78500,	0.03707,	0.05243, 	0.04022, 	0.00000
0.78550,	0.03766,	0.05326, 	0.04049, 	0.00000
0.78600,	0.03756,	0.05312, 	0.04047, 	0.00000
0.78650,	0.03863,	0.05463, 	0.04157, 	0.00000
0.78700,	0.03709,	0.05245, 	0.04009, 	0.00000
0.78750,	0.03749,	0.05302, 	0.04041, 	0.00000
0.78800,	0.03634,	0.05140, 	0.03908, 	0.00000
0.78850,	0.03785,	0.05353, 	0.04078, 	0.00000
0.78900,	0.03746,	0.05298, 	0.04032, 	0.00000
0.78950,	0.03659,	0.05174, 	0.03964, 	0.00000
0.79000,	0.03734,	0.05281, 	0.04030, 	0.00000
0.79050,	0.03762,	0.05320, 	0.04046, 	0.00000
0.79100,	0.03800,	0.05374, 	0.04100, 	0.00000
0.79150,	0.03832,	0.05419, 	0.04168, 	0.00000
0.79200,	0.03924,	0.05549, 	0.04252, 	0.00000
0.79250,	0.03877,	0.05483, 	0.04167, 	0.00000
0.79300,	0.03596,	0.05085, 	0.03896, 	0.00000
0.79350,	0.03756,	0.05311, 	0.04058, 	0.00000
0.79400,	0.03671,	0.05191, 	0.03976, 	0.00000
0.79450,	0.03880,	0.05487, 	0.04232, 	0.00000
0.79500,	0.03729,	0.05274, 	0.04042, 	0.00000
0.79550,	0.03773,	0.05335, 	0.04103, 	0.00000
0.79600,	0.03802,	0.05377, 	0.04135, 	0.00000
0.79650,	0.03661,	0.05178, 	0.03955, 	0.00000
0.79700,	0.03799,	0.05372, 	0.04141, 	0.00000
0.79750,	0.03789,	0.05359, 	0.04112, 	0.00000
0.79800,	0.03734,	0.05280, 	0.04039, 	0.00000
0.79850,	0.03645,	0.05155, 	0.03952, 	0.00000
0.79900,	0.03857,	0.05455, 	0.04205, 	0.00000
0.79950,	0.03781,	0.05347, 	0.04096, 	0.00000
0.80000,	0.03688,	0.05216, 	0.03996, 	0.00000
0.80050,	0.03654,	0.05167, 	0.04007, 	0.00000
0.80100,	0.03733,	0.05279, 	0.04067, 	0.00000
0.80150,	0.03686,	0.05212, 	0.03997, 	0.00000
0.80200,	0.03809,	0.05386, 	0.04172, 	0.00000
0.80250,	0.03737,	0.05285, 	0.04076, 	0.00000
0.80300,	0.03707,	0.05243, 	0.04040, 	0.00000
0.80350,	0.03801,	0.05376, 	0.04168, 	0.00000
0.80400,	0.03800,	0.05374, 	0.04154, 	0.00000
0.80450,	0.03746,	0.05298, 	0.04124, 	0.00000
0.80500,	0.03633,	0.05137, 	0.03960, 	0.00000
0.80550,	0.03682,	0.05207, 	0.04044, 	0.00000
0.80600,	0.03753,	0.05307, 	0.04100, 	0.00000
0.80650,	0.03663,	0.05180, 	0.03996, 	0.00000
0.80700,	0.03708,	0.05243, 	0.04067, 	0.00000
0.80750,	0.03762,	0.05320, 	0.04116, 	0.00000
0.80800,	0.03692,	0.05221, 	0.04054, 	0.00000
0.80850,	0.03719,	0.05260, 	0.04108, 	0.00000
0.80900,	0.03571,	0.05050, 	0.03914, 	0.00000
0.80950,	0.03881,	0.05488, 	0.04233, 	0.00000
0.81000,	0.03717,	0.05257, 	0.04089, 	0.00000
0.81050,	0.03691,	0.05220, 	0.04057, 	0.00000
0.81100,	0.03699,	0.05231, 	0.04082, 	0.00000
0.81150,	0.03655,	0.05169, 	0.04017, 	0.00000
0.81200,	0.03711,	0.05248, 	0.04088, 	0.00000
0.81250,	0.03704,	0.05239, 	0.04103, 	0.00000
0.81300,	0.03640,	0.05148, 	0.04007, 	0.00000
0.81350,	0.03710,	0.05247, 	0.04091, 	0.00000
0.81400,	0.03706,	0.05241, 	0.04099, 	0.00000
0.81450,	0.03721,	0.05262, 	0.04097, 	0.00000
0.81500,	0.03718,	0.05258, 	0.04088, 	0.00000
0.81550,	0.03720,	0.05261, 	0.04104, 	0.00000
0.81600,	0.03706,	0.05241, 	0.04109, 	0.00000
0.81650,	0.03602,	0.05094, 	0.03978, 	0.00000
0.81700,	0.03564,	0.05041, 	0.03929, 	0.00000
0.81750,	0.03724,	0.05267, 	0.04160, 	0.00000
0.81800,	0.03674,	0.05196, 	0.04058, 	0.00000
0.81850,	0.03741,	0.05291, 	0.04144, 	0.00000
0.81900,	0.03592,	0.05080, 	0.03978, 	0.00000
0.81950,	0.03807,	0.05383, 	0.04208, 	0.00000
0.82000,	0.03703,	0.05237, 	0.04127, 	0.00000
0.82050,	0.03663,	0.05180, 	0.04054, 	0.00000
0.82100,	0.03715,	0.05254, 	0.04120, 	0.00000
0.82150,	0.03754,	0.05309, 	0.04172, 	0.00000
0.82200,	0.03871,	0.05475, 	0.04303, 	0.00000
0.82250,	0.03713,	0.05251, 	0.04109, 	0.00000
0.82300,	0.03653,	0.05166, 	0.04058, 	0.00000
0.82350,	0.03730,	0.05276, 	0.04111, 	0.00000
0.82400,	0.03668,	0.05188, 	0.04083, 	0.00000
0.82450,	0.03709,	0.05246, 	0.04100, 	0.00000
0.82500,	0.03806,	0.05383, 	0.04229, 	0.00000
0.82550,	0.03731,	0.05276, 	0.04167, 	0.00000
0.82600,	0.03570,	0.05049, 	0.03961, 	0.00000
0.82650,	0.03647,	0.05157, 	0.04029, 	0.00000
0.82700,	0.03661,	0.05178, 	0.04072, 	0.00000
0.82750,	0.03631,	0.05135, 	0.04056, 	0.00000
0.82800,	0.03764,	0.05323, 	0.04194, 	0.00000
0.82850,	0.03556,	0.05028, 	0.03955, 	0.00000
0.82900,	0.03642,	0.05151, 	0.04094, 	0.00000
0.82950,	0.03826,	0.05411, 	0.04322, 	0.00000
0.83000,	0.03694,	0.05223, 	0.04158, 	0.00000
0.83050,	0.03809,	0.05387, 	0.04239, 	0.00000
0.83100,	0.03655,	0.05170, 	0.04103, 	0.00000
0.83150,	0.03729,	0.05274, 	0.04176, 	0.00000
0.83200,	0.03735,	0.05283, 	0.04188, 	0.00000
0.83250,	0.03639,	0.05147, 	0.04091, 	0.00000
0.83300,	0.03678,	0.05202, 	0.04113, 	0.00000
0.83350,	0.03726,	0.05270, 	0.04194, 	0.00000
0.83400,	0.03694,	0.05224, 	0.04149, 	0.00000
0.83450,	0.03590,	0.05077, 	0.04023, 	0.00000
0.83500,	0.03599,	0.05090, 	0.04023, 	0.00000
0.83550,	0.03555,	0.05027, 	0.03984, 	0.00000
0.83600,	0.03662,	0.05179, 	0.04143, 	0.00000
0.83650,	0.03742,	0.05292, 	0.04192, 	0.00000
0.83700,	0.03692,	0.05221, 	0.04177, 	0.00000
0.83750,	0.03572,	0.05052, 	0.04011, 	0.00000
0.83800,	0.03703,	0.05236, 	0.04208, 	0.00000
0.83850,	0.03661,	0.05178, 	0.04109, 	0.00000
0.83900,	0.03680,	0.05204, 	0.04135, 	0.00000
0.83950,	0.03562,	0.05037, 	0.04043, 	0.00000
0.84000,	0.03527,	0.04988, 	0.03969, 	0.00000
0.84050,	0.03716,	0.05255, 	0.04203, 	0.00000
0.84100,	0.03671,	0.05191, 	0.04185, 	0.00000
0.84150,	0.03615,	0.05112, 	0.04054, 	0.00000
0.84200,	0.03627,	0.05130, 	0.04148, 	0.00000
0.84250,	0.03801,	0.05375, 	0.04353, 	0.00000
0.84300,	0.03602,	0.05094, 	0.04093, 	0.00000
0.84350,	0.03664,	0.05182, 	0.04127, 	0.00000
0.84400,	0.03540,	0.05006, 	0.04046, 	0.00000
0.84450,	0.03662,	0.05178, 	0.04205, 	0.00000
0.84500,	0.03630,	0.05133, 	0.04178, 	0.00000
0.84550,	0.03626,	0.05128, 	0.04107, 	0.00000
0.84600,	0.03655,	0.05169, 	0.04175, 	0.00000
0.84650,	0.03649,	0.05160, 	0.04144, 	0.00000
0.84700,	0.03593,	0.05081, 	0.04104, 	0.00000
0.84750,	0.03606,	0.05099, 	0.04112, 	0.00000
0.84800,	0.03654,	0.05168, 	0.04189, 	0.00000
0.84850,	0.03592,	0.05080, 	0.04140, 	0.00000
0.84900,	0.03666,	0.05184, 	0.04191, 	0.00000
0.84950,	0.03726,	0.05269, 	0.04252, 	0.00000
0.85000,	0.03747,	0.05300, 	0.04329, 	0.00000
0.85050,	0.03589,	0.05076, 	0.04125, 	0.00000
0.85100,	0.03681,	0.05206, 	0.04207, 	0.00000
0.85150,	0.03583,	0.05067, 	0.04092, 	0.00000
0.85200,	0.03698,	0.05229, 	0.04239, 	0.00000
0.85250,	0.03690,	0.05218, 	0.04233, 	0.00000
0.85300,	0.03655,	0.05169, 	0.04214, 	0.00000
0.85350,	0.03663,	0.05180, 	0.04213, 	0.00000
0.85400,	0.03693,	0.05223, 	0.04244, 	0.00000
0.85450,	0.03589,	0.05075, 	0.04138, 	0.00000
0.85500,	0.03620,	0.05120, 	0.04144, 	0.00000
0.85550,	0.03626,	0.05128, 	0.04247, 	0.00000
0.85600,	0.03631,	0.05135, 	0.04148, 	0.00000
0.85650,	0.03659,	0.05175, 	0.04258, 	0.00000
0.85700,	0.03690,	0.05219, 	0.04275, 	0.00000
0.85750,	0.03680,	0.05205, 	0.04205, 	0.00000
0.85800,	0.03682,	0.05207, 	0.04282, 	0.00000
0.85850,	0.03729,	0.05274, 	0.04315, 	0.00000
0.85900,	0.03701,	0.05234, 	0.04242, 	0.00000
0.85950,	0.03554,	0.05026, 	0.04121, 	0.00000
0.86000,	0.03682,	0.05207, 	0.04284, 	0.00000
0.86050,	0.03689,	0.05217, 	0.04311, 	0.00000
0.86100,	0.03647,	0.05158, 	0.04268, 	0.00000
0.86150,	0.03524,	0.04984, 	0.04086, 	0.00000
0.86200,	0.03732,	0.05279, 	0.04339, 	0.00000
0.86250,	0.03481,	0.04923, 	0.04072, 	0.00000
0.86300,	0.03709,	0.05246, 	0.04286, 	0.00000
0.86350,	0.03527,	0.04988, 	0.04082, 	0.00000
0.86400,	0.03715,	0.05254, 	0.04390, 	0.00000
0.86450,	0.03570,	0.05049, 	0.04179, 	0.00000
0.86500,	0.03526,	0.04986, 	0.04138, 	0.00000
0.86550,	0.03510,	0.04964, 	0.04098, 	0.00000
0.86600,	0.03573,	0.05053, 	0.04151, 	0.00000
0.86650,	0.03507,	0.04960, 	0.04161, 	0.00000
0.86700,	0.03654,	0.05168, 	0.04271, 	0.00000
0.86750,	0.03599,	0.05090, 	0.04213, 	0.00000
0.86800,	0.03504,	0.04956, 	0.04110, 	0.00000
0.86850,	0.03665,	0.05183, 	0.04302, 	0.00000
0.86900,	0.03567,	0.05045, 	0.04177, 	0.00000
0.86950,	0.03652,	0.05164, 	0.04332, 	0.00000
0.87000,	0.03680,	0.05205, 	0.04390, 	0.00000
0.87050,	0.03629,	0.05132, 	0.04240, 	0.00000
0.87100,	0.03682,	0.05207, 	0.04368, 	0.00000
0.87150,	0.03651,	0.05164, 	0.04329, 	0.00000
0.87200,	0.03605,	0.05098, 	0.04266, 	0.00000
0.87250,	0.03642,	0.05151, 	0.04378, 	0.00000
0.87300,	0.03566,	0.05044, 	0.04266, 	0.00000
0.87350,	0.03533,	0.04997, 	0.04181, 	0.00000
0.87400,	0.03497,	0.04946, 	0.04152, 	0.00000
0.87450,	0.03600,	0.05090, 	0.04240, 	0.00000
0.87500,	0.03547,	0.05017, 	0.04229, 	0.00000
0.87550,	0.03479,	0.04920, 	0.04202, 	0.00000
0.87600,	0.03530,	0.04992, 	0.04228, 	0.00000
0.87650,	0.03594,	0.05082, 	0.04254, 	0.00000
0.87700,	0.03437,	0.04861, 	0.04081, 	0.00000
0.87750,	0.03635,	0.05141, 	0.04388, 	0.00000
0.87800,	0.03548,	0.05018, 	0.04236, 	0.00000
0.87850,	0.03444,	0.04870, 	0.04089, 	0.00000
0.87900,	0.03656,	0.05170, 	0.04380, 	0.00000
0.87950,	0.03500,	0.04949, 	0.04120, 	0.00000
0.88000,	0.03678,	0.05202, 	0.04404, 	0.00000
0.88050,	0.03513,	0.04967, 	0.04205, 	0.00000
0.88100,	0.03608,	0.05102, 	0.04322, 	0.00000
0.88150,	0.03572,	0.05051, 	0.04310, 	0.00000
0.88200,	0.03639,	0.05146, 	0.04386, 	0.00000
0.88250,	0.03621,	0.05121, 	0.04359, 	0.00000
0.88300,	0.03531,	0.04994, 	0.04239, 	0.00000
0.88350,	0.03576,	0.05057, 	0.04293, 	0.00000
0.88400,	0.03483,	0.04925, 	0.04211, 	0.00000
0.88450,	0.03552,	0.05023, 	0.04318, 	0.00000
0.88500,	0.03509,	0.04962, 	0.04222, 	0.00000
0.88550,	0.03619,	0.05118, 	0.04424, 	0.00000
0.88600,	0.03467,	0.04903, 	0.04158, 	0.00000
0.88650,	0.03499,	0.04948, 	0.04297, 	0.00000
0.88700,	0.03635,	0.05141, 	0.04387, 	0.00000
0.88750,	0.03574,	0.05055, 	0.04341, 	0.00000
0.88800,	0.03590,	0.05077, 	0.04394, 	0.00000
0.88850,	0.03665,	0.05183, 	0.04524, 	0.00000
0.88900,	0.03659,	0.05174, 	0.04488, 	0.00000
0.88950,	0.03469,	0.04906, 	0.04213, 	0.00000
0.89000,	0.03587,	0.05073, 	0.04365, 	0.00000
0.89050,	0.03511,	0.04965, 	0.04259, 	0.00000
0.89100,	0.03594,	0.05082, 	0.04390, 	0.00000
0.89150,	0.03435,	0.04858, 	0.04157, 	0.00000
0.89200,	0.03564,	0.05041, 	0.04394, 	0.00000
0.89250,	0.03742,	0.05291, 	0.04657, 	0.00000
0.89300,	0.03541,	0.05008, 	0.04344, 	0.00000
0.89350,	0.03621,	0.05121, 	0.04458, 	0.00000
0.89400,	0.03544,	0.05012, 	0.04365, 	0.00000
0.89450,	0.03563,	0.05038, 	0.04389, 	0.00000
0.89500,	0.03522,	0.04981, 	0.04378, 	0.00000
0.89550,	0.03586,	0.05072, 	0.04459, 	0.00000
0.89600,	0.03565,	0.05042, 	0.04398, 	0.00000
0.89650,	0.03496,	0.04944, 	0.04327, 	0.00000
0.89700,	0.03428,	0.04847, 	0.04220, 	0.00000
0.89750,	0.03490,	0.04936, 	0.04341, 	0.00000
0.89800,	0.03557,	0.05030, 	0.04449, 	0.00000
0.89850,	0.03587,	0.05072, 	0.04484, 	0.00000
0.89900,	0.03603,	0.05096, 	0.04499, 	0.00000
0.89950,	0.03671,	0.05192, 	0.04620, 	0.00000
0.90000,	0.03501,	0.04952, 	0.04403, 	0.00000
0.90050,	0.03553,	0.05025, 	0.04484, 	0.00000
0.90100,	0.03444,	0.04871, 	0.04337, 	0.00000
0.90150,	0.03544,	0.05012, 	0.04430, 	0.00000
0.90200,	0.03573,	0.05053, 	0.04572, 	0.00000
0.90250,	0.03546,	0.05014, 	0.04477, 	0.00000
0.90300,	0.03563,	0.05039, 	0.04503, 	0.00000
0.90350,	0.03582,	0.05066, 	0.04490, 	0.00000
0.90400,	0.03418,	0.04833, 	0.04309, 	0.00000
0.90450,	0.03456,	0.04888, 	0.04314, 	0.00000
0.90500,	0.03435,	0.04858, 	0.04240, 	0.00000
0.90550,	0.03516,	0.04973, 	0.04411, 	0.00000
0.90600,	0.03488,	0.04933, 	0.04404, 	0.00000
0.90650,	0.03534,	0.04998, 	0.04492, 	0.00000
0.90700,	0.03562,	0.05038, 	0.04535, 	0.00000
0.90750,	0.03467,	0.04903, 	0.04419, 	0.00000
0.90800,	0.03544,	0.05012, 	0.04522, 	0.00000
0.90850,	0.03622,	0.05122, 	0.04639, 	0.00000
0.90900,	0.03573,	0.05053, 	0.04623, 	0.00000
0.90950,	0.03529,	0.04990, 	0.04509, 	0.00000
0.91000,	0.03504,	0.04955, 	0.04498, 	0.00000
0.91050,	0.03474,	0.04913, 	0.04506, 	0.00000
0.91100,	0.03587,	0.05072, 	0.04671, 	0.00000
0.91150,	0.03470,	0.04908, 	0.04489, 	0.00000
0.91200,	0.03530,	0.04992, 	0.04447, 	0.00000
0.91250,	0.03453,	0.04883, 	0.04451, 	0.00000
0.91300,	0.03518,	0.04975, 	0.04582, 	0.00000
0.91350,	0.03547,	0.05016, 	0.04677, 	0.00000
0.91400,	0.03544,	0.05013, 	0.04605, 	0.00000
0.91450,	0.03340,	0.04724, 	0.04412, 	0.00000
0.91500,	0.03432,	0.04854, 	0.04399, 	0.00000
0.91550,	0.03407,	0.04818, 	0.04424, 	0.00000
0.91600,	0.03514,	0.04969, 	0.04524, 	0.00000
0.91650,	0.03519,	0.04977, 	0.04619, 	0.00000
0.91700,	0.03423,	0.04840, 	0.04586, 	0.00000
0.91750,	0.03472,	0.04909, 	0.04598, 	0.00000
0.91800,	0.03411,	0.04823, 	0.04478, 	0.00000
0.91850,	0.03519,	0.04976, 	0.04641, 	0.00000
0.91900,	0.03474,	0.04913, 	0.04670, 	0.00000
0.91950,	0.03490,	0.04936, 	0.04644, 	0.00000
0.92000,	0.03588,	0.05074, 	0.04704, 	0.00000
0.92050,	0.03341,	0.04725, 	0.04531, 	0.00000
0.92100,	0.03514,	0.04970, 	0.04704, 	0.00000
0.92150,	0.03545,	0.05014, 	0.04750, 	0.00000
0.92200,	0.03488,	0.04933, 	0.04665, 	0.00000
0.92250,	0.03557,	0.05030, 	0.04859, 	0.00200
0.92300,	0.03539,	0.05005, 	0.04763, 	0.00000
0.92350,	0.03416,	0.04830, 	0.04619, 	0.00000
0.92400,	0.03461,	0.04895, 	0.04765, 	0.00000
0.92450,	0.03487,	0.04932, 	0.04749, 	0.00200
0.92500,	0.03391,	0.04796, 	0.04687, 	0.00000
0.92550,	0.03428,	0.04848, 	0.04720, 	0.00000
0.92600,	0.03564,	0.05041, 	0.04902, 	0.00000
0.92650,	0.03508,	0.04961, 	0.04826, 	0.00200
0.92700,	0.03438,	0.04862, 	0.04719, 	0.00000
0.92750,	0.03428,	0.04848, 	0.04637, 	0.00000
0.92800,	0.03466,	0.04901, 	0.04705, 	0.00000
0.92850,	0.03596,	0.05086, 	0.04873, 	0.00000
0.92900,	0.03531,	0.04993, 	0.04875, 	0.00200
0.92950,	0.03406,	0.04817, 	0.04710, 	0.00200
0.93000,	0.03451,	0.04880, 	0.04858, 	0.00000
0.93050,	0.03532,	0.04996, 	0.04952, 	0.00200
0.93100,	0.03464,	0.04899, 	0.04825, 	0.00000
0.93150,	0.03437,	0.04861, 	0.04812, 	0.00000
0.93200,	0.03425,	0.04844, 	0.04902, 	0.00400
0.93250,	0.03402,	0.04810, 	0.04822, 	0.00000
0.93300,	0.03522,	0.04981, 	0.04955, 	0.00000
0.93350,	0.03467,	0.04902, 	0.04851, 	0.00000
0.93400,	0.03475,	0.04915, 	0.04852, 	0.00200
0.93450,	0.03436,	0.04860, 	0.04839, 	0.00000
0.93500,	0.03356,	0.04746, 	0.04746, 	0.00200
0.93550,	0.03429,	0.04849, 	0.05030, 	0.00000
0.93600,	0.03380,	0.04780, 	0.04914, 	0.00000
0.93650,	0.03506,	0.04959, 	0.05086, 	0.00200
0.93700,	0.03478,	0.04918, 	0.05030, 	0.00200
0.93750,	0.03459,	0.04892, 	0.04927, 	0.00200
0.93800,	0.03436,	0.04860, 	0.04986, 	0.00000
0.93850,	0.03352,	0.04741, 	0.04905, 	0.00200
0.93900,	0.03390,	0.04795, 	0.05033, 	0.00800
0.93950,	0.03443,	0.04869, 	0.05002, 	0.00200
0.94000,	0.03462,	0.04897, 	0.05137, 	0.00200
0.94050,	0.03436,	0.04859, 	0.05061, 	0.00200
0.94100,	0.03486,	0.04930, 	0.05114, 	0.00200
0.94150,	0.03511,	0.04966, 	0.05015, 	0.00000
0.94200,	0.03466,	0.04902, 	0.05059, 	0.00400
0.94250,	0.03326,	0.04704, 	0.04883, 	0.00200
0.94300,	0.03458,	0.04891, 	0.05072, 	0.00200
0.94350,	0.03453,	0.04883, 	0.05175, 	0.00200
0.94400,	0.03462,	0.04896, 	0.05236, 	0.00800
0.94450,	0.03432,	0.04854, 	0.05196, 	0.00000
0.94500,	0.03399,	0.04807, 	0.05206, 	0.00600
0.94550,	0.03385,	0.04787, 	0.05210, 	0.00400
0.94600,	0.03372,	0.04768, 	0.05066, 	0.00400
0.94650,	0.03335,	0.04717, 	0.05178, 	0.00800
0.94700,	0.03461,	0.04895, 	0.05387, 	0.01200
0.94750,	0.03281,	0.04641, 	0.05059, 	0.00400
0.94800,	0.03466,	0.04902, 	0.05254, 	0.00200
0.94850,	0.03403,	0.04812, 	0.05259, 	0.00400
0.94900,	0.03398,	0.04806, 	0.05224, 	0.00600
0.94950,	0.03468,	0.04904, 	0.05418, 	0.01000
0.95000,	0.03376,	0.04775, 	0.05349, 	0.01600
0.95050,	0.03418,	0.04833, 	0.05296, 	0.00600
0.95100,	0.03413,	0.04827, 	0.05385, 	0.00800
0.95150,	0.03383,	0.04784, 	0.05238, 	0.00200
0.95200,	0.03403,	0.04813, 	0.05273, 	0.00800
0.95250,	0.03332,	0.04712, 	0.05313, 	0.00400
0.95300,	0.03461,	0.04895, 	0.05547, 	0.01000
0.95350,	0.03405,	0.04816, 	0.05551, 	0.01400
0.95400,	0.03387,	0.04789, 	0.05566, 	0.01000
0.95450,	0.03449,	0.04877, 	0.05713, 	0.02000
0.95500,	0.03371,	0.04768, 	0.05653, 	0.02800
0.95550,	0.03415,	0.04830, 	0.05698, 	0.03000
0.95600,	0.03369,	0.04764, 	0.05439, 	0.00600
0.95650,	0.03408,	0.04819, 	0.05693, 	0.02000
0.95700,	0.03379,	0.04778, 	0.05799, 	0.02200
0.95750,	0.03434,	0.04856, 	0.05703, 	0.01800
0.95800,	0.03558,	0.05031, 	0.05983, 	0.02200
0.95850,	0.03375,	0.04772, 	0.05754, 	0.02400
0.95900,	0.03477,	0.04917, 	0.05927, 	0.03400
0.95950,	0.03296,	0.04662, 	0.05657, 	0.03200
0.96000,	0.03401,	0.04809, 	0.05982, 	0.03800
0.96050,	0.03410,	0.04823, 	0.06104, 	0.04200
0.96100,	0.03408,	0.04819, 	0.05822, 	0.03200
0.96150,	0.03343,	0.04727, 	0.05923, 	0.03400
0.96200,	0.03368,	0.04763, 	0.06012, 	0.04400
0.96250,	0.03487,	0.04932, 	0.06343, 	0.04400
0.96300,	0.03332,	0.04712, 	0.05827, 	0.02600
0.96350,	0.03431,	0.04852, 	0.06307, 	0.04600
0.96400,	0.03397,	0.04804, 	0.06217, 	0.04400
0.96450,	0.03240,	0.04581, 	0.05584, 	0.03000
0.96500,	0.03357,	0.04748, 	0.05907, 	0.04000
0.96550,	0.03409,	0.04821, 	0.06424, 	0.05600
0.96600,	0.03375,	0.04772, 	0.06201, 	0.04800
0.96650,	0.03303,	0.04671, 	0.06498, 	0.06800
0.96700,	0.03351,	0.04739, 	0.06184, 	0.05600
0.96750,	0.03264,	0.04616, 	0.06108, 	0.05000
0.96800,	0.03380,	0.04780, 	0.06561, 	0.07000
0.96850,	0.03362,	0.04754, 	0.06526, 	0.07600
0.96900,	0.03331,	0.04711, 	0.06337, 	0.07800
0.96950,	0.03332,	0.04713, 	0.06223, 	0.06400
0.97000,	0.03466,	0.04902, 	0.06506, 	0.08000
0.97050,	0.03324,	0.04701, 	0.06507, 	0.07400
0.97100,	0.03322,	0.04698, 	0.06448, 	0.07600
0.97150,	0.03319,	0.04693, 	0.06316, 	0.07200
0.97200,	0.03296,	0.04661, 	0.06724, 	0.09000
0.97250,	0.03221,	0.04555, 	0.06541, 	0.09800
0.97300,	0.03469,	0.04906, 	0.07048, 	0.12200
0.97350,	0.03368,	0.04763, 	0.06875, 	0.11600
0.97400,	0.03297,	0.04663, 	0.06728, 	0.10000
0.97450,	0.03343,	0.04728, 	0.06960, 	0.11600
0.97500,	0.03343,	0.04728, 	0.06875, 	0.13200
0.97550,	0.03263,	0.04615, 	0.06612, 	0.10200
0.97600,	0.03359,	0.04751, 	0.06891, 	0.13600
0.97650,	0.03373,	0.04771, 	0.06767, 	0.12000
0.97700,	0.03348,	0.04735, 	0.07084, 	0.15400
0.97750,	0.03347,	0.04734, 	0.07019, 	0.14400
0.97800,	0.03382,	0.04783, 	0.06887, 	0.13800
0.97850,	0.03240,	0.04582, 	0.06830, 	0.14200
0.97900,	0.03434,	0.04857, 	0.07108, 	0.15000
0.97950,	0.03244,	0.04588, 	0.06959, 	0.15200
0.98000,	0.03282,	0.04642, 	0.07227, 	0.17200
0.98050,	0.03329,	0.04708, 	0.07301, 	0.18600
0.98100,	0.03374,	0.04772, 	0.07021, 	0.17800
0.98150,	0.03235,	0.04575, 	0.07277, 	0.19200
0.98200,	0.03259,	0.04609, 	0.07134, 	0.19200
0.98250,	0.03429,	0.04850, 	0.07587, 	0.22200
0.98300,	0.03325,	0.04702, 	0.07368, 	0.22000
0.98350,	0.03302,	0.04670, 	0.07537, 	0.25200
0.98400,	0.03393,	0.04798, 	0.07422, 	0.21800
0.98450,	0.03227,	0.04563, 	0.07334, 	0.25200
0.98500,	0.03388,	0.04791, 	0.07551, 	0.27000
0.98550,	0.03233,	0.04572, 	0.07215, 	0.23000
0.98600,	0.03264,	0.04616, 	0.07468, 	0.28600
0.98650,	0.03211,	0.04541, 	0.07300, 	0.26600
0.98700,	0.03297,	0.04662, 	0.07311, 	0.26800
0.98750,	0.03337,	0.04719, 	0.07596, 	0.27800
0.98800,	0.03243,	0.04586, 	0.07340, 	0.28400
0.98850,	0.03122,	0.04415, 	0.07282, 	0.28000
0.98900,	0.03321,	0.04697, 	0.07295, 	0.29400
0.98950,	0.03401,	0.04809, 	0.07604, 	0.33800
0.99000,	0.03255,	0.04603, 	0.07284, 	0.32200
0.99050,	0.03390,	0.04795, 	0.07697, 	0.37600
0.99100,	0.03296,	0.04662, 	0.07410, 	0.33800
0.99150,	0.03155,	0.04461, 	0.07201, 	0.35200
0.99200,	0.03306,	0.04676, 	0.07278, 	0.31200
0.99250,	0.03248,	0.04593, 	0.07124, 	0.34800
0.99300,	0.03364,	0.04757, 	0.07420, 	0.39800
0.99350,	0.03323,	0.04700, 	0.07305, 	0.37400
0.99400,	0.03351,	0.04739, 	0.07299, 	0.43600
0.99450,	0.03223,	0.04558, 	0.07347, 	0.43000
0.99500,	0.03246,	0.04591, 	0.07077, 	0.42800
0.99550,	0.03265,	0.04618, 	0.07137, 	0.43600
0.99600,	0.03343,	0.04728, 	0.07235, 	0.42800
0.99650,	0.03289,	0.04651, 	0.06897, 	0.44400
0.99700,	0.03166,	0.04478, 	0.06867, 	0.44800
0.99750,	0.03298,	0.04664, 	0.06913, 	0.45400
0.99800,	0.03231,	0.04569, 	0.06565, 	0.46800
0.99850,	0.03235,	0.04575, 	0.06449, 	0.47200
0.99900,	0.03270,	0.04624, 	0.06115, 	0.49200
0.99950,	0.03317,	0.04691, 	0.06022, 	0.53200

Total running time = 1495.447s
