Distances between estimated and original density matrices using various distances:

Number of purity values tried = 2000
Number of density matrices per purity parameter = 500
Total number of measurements for each of X, Y and Z = 500

PURITY, 	OPERATOR, 	TRACE, 		FIDELITY, 	NON PHYSICAL
0.00000,	0.03503,	0.04954, 	0.03629, 	0.69200
0.00050,	0.03532,	0.04995, 	0.04526, 	0.66600
0.00100,	0.03540,	0.05007, 	0.05785, 	0.60200
0.00150,	0.03567,	0.05045, 	0.05796, 	0.63800
0.00200,	0.03531,	0.04994, 	0.06552, 	0.56000
0.00250,	0.03539,	0.05005, 	0.06756, 	0.56000
0.00300,	0.03506,	0.04958, 	0.06898, 	0.50600
0.00350,	0.03689,	0.05218, 	0.07301, 	0.51800
0.00400,	0.03674,	0.05196, 	0.07539, 	0.49400
0.00450,	0.03665,	0.05183, 	0.07695, 	0.43400
0.00500,	0.03644,	0.05153, 	0.07636, 	0.45000
0.00550,	0.03676,	0.05198, 	0.08075, 	0.41000
0.00600,	0.03512,	0.04967, 	0.07747, 	0.37600
0.00650,	0.03784,	0.05351, 	0.08381, 	0.41600
0.00700,	0.03777,	0.05342, 	0.08461, 	0.35800
0.00750,	0.03629,	0.05132, 	0.08528, 	0.34800
0.00800,	0.03711,	0.05248, 	0.08542, 	0.33800
0.00850,	0.03748,	0.05300, 	0.08446, 	0.30800
0.00900,	0.03737,	0.05285, 	0.08527, 	0.26400
0.00950,	0.03699,	0.05231, 	0.08696, 	0.26600
0.01000,	0.03865,	0.05466, 	0.08998, 	0.27200
0.01050,	0.03865,	0.05466, 	0.08928, 	0.23600
0.01100,	0.03962,	0.05603, 	0.09126, 	0.24600
0.01150,	0.03843,	0.05434, 	0.09015, 	0.23600
0.01200,	0.03921,	0.05545, 	0.08868, 	0.19000
0.01250,	0.03851,	0.05446, 	0.08877, 	0.18000
0.01300,	0.04076,	0.05765, 	0.09181, 	0.16200
0.01350,	0.04102,	0.05801, 	0.09245, 	0.18600
0.01400,	0.04056,	0.05737, 	0.09439, 	0.17600
0.01450,	0.04092,	0.05787, 	0.09460, 	0.12200
0.01500,	0.04194,	0.05931, 	0.09311, 	0.13400
0.01550,	0.04204,	0.05945, 	0.09473, 	0.14000
0.01600,	0.04206,	0.05949, 	0.09563, 	0.13400
0.01650,	0.04202,	0.05942, 	0.09564, 	0.13800
0.01700,	0.04259,	0.06024, 	0.09437, 	0.09200
0.01750,	0.04304,	0.06087, 	0.09481, 	0.09200
0.01800,	0.04456,	0.06301, 	0.09774, 	0.09600
0.01850,	0.04633,	0.06552, 	0.10011, 	0.07000
0.01900,	0.04492,	0.06353, 	0.09606, 	0.09200
0.01950,	0.04494,	0.06355, 	0.09626, 	0.08800
0.02000,	0.04711,	0.06663, 	0.10237, 	0.09000
0.02050,	0.04655,	0.06583, 	0.10005, 	0.08200
0.02100,	0.04757,	0.06728, 	0.10166, 	0.06400
0.02150,	0.04625,	0.06540, 	0.09840, 	0.08000
0.02200,	0.04944,	0.06993, 	0.10391, 	0.06200
0.02250,	0.04979,	0.07041, 	0.10415, 	0.07200
0.02300,	0.04833,	0.06834, 	0.10140, 	0.04200
0.02350,	0.04984,	0.07049, 	0.10338, 	0.05200
0.02400,	0.05030,	0.07113, 	0.10267, 	0.04200
0.02450,	0.04949,	0.06999, 	0.09977, 	0.04000
0.02500,	0.05153,	0.07287, 	0.10311, 	0.03200
0.02550,	0.05185,	0.07333, 	0.10607, 	0.04400
0.02600,	0.05485,	0.07757, 	0.11116, 	0.04800
0.02650,	0.05385,	0.07615, 	0.10721, 	0.03400
0.02700,	0.05429,	0.07678, 	0.10737, 	0.02400
0.02750,	0.05410,	0.07651, 	0.10621, 	0.02400
0.02800,	0.05750,	0.08131, 	0.11342, 	0.03600
0.02850,	0.05604,	0.07925, 	0.10956, 	0.01800
0.02900,	0.05654,	0.07996, 	0.11100, 	0.03000
0.02950,	0.05662,	0.08007, 	0.11095, 	0.03200
0.03000,	0.05874,	0.08307, 	0.11229, 	0.01200
0.03050,	0.05910,	0.08358, 	0.11456, 	0.02600
0.03100,	0.05755,	0.08139, 	0.10937, 	0.01400
0.03150,	0.05997,	0.08481, 	0.11497, 	0.01600
0.03200,	0.06027,	0.08524, 	0.11456, 	0.01400
0.03250,	0.05911,	0.08360, 	0.11400, 	0.03000
0.03300,	0.05950,	0.08414, 	0.11184, 	0.01800
0.03350,	0.06206,	0.08777, 	0.11658, 	0.00800
0.03400,	0.06142,	0.08686, 	0.11442, 	0.01200
0.03450,	0.06476,	0.09158, 	0.12067, 	0.01000
0.03500,	0.06266,	0.08862, 	0.11569, 	0.00400
0.03550,	0.06188,	0.08751, 	0.11242, 	0.00600
0.03600,	0.06456,	0.09130, 	0.11841, 	0.00800
0.03650,	0.06664,	0.09424, 	0.12187, 	0.01400
0.03700,	0.06510,	0.09206, 	0.11909, 	0.00400
0.03750,	0.06666,	0.09428, 	0.12081, 	0.00600
0.03800,	0.06875,	0.09722, 	0.12361, 	0.00800
0.03850,	0.06685,	0.09454, 	0.11941, 	0.00200
0.03900,	0.06790,	0.09602, 	0.12142, 	0.00200
0.03950,	0.06887,	0.09740, 	0.12265, 	0.00400
0.04000,	0.07236,	0.10234, 	0.12952, 	0.00600
0.04050,	0.07032,	0.09945, 	0.12531, 	0.00400
0.04100,	0.07187,	0.10164, 	0.12797, 	0.00200
0.04150,	0.07069,	0.09997, 	0.12572, 	0.00800
0.04200,	0.06956,	0.09837, 	0.12270, 	0.00400
0.04250,	0.07460,	0.10550, 	0.12956, 	0.00200
0.04300,	0.07268,	0.10278, 	0.12673, 	0.00400
0.04350,	0.07424,	0.10499, 	0.12939, 	0.00000
0.04400,	0.07202,	0.10185, 	0.12511, 	0.00000
0.04450,	0.07589,	0.10732, 	0.13117, 	0.00200
0.04500,	0.07529,	0.10648, 	0.13005, 	0.00000
0.04550,	0.07612,	0.10765, 	0.13149, 	0.00200
0.04600,	0.07741,	0.10948, 	0.13292, 	0.00000
0.04650,	0.07826,	0.11067, 	0.13289, 	0.00200
0.04700,	0.07605,	0.10756, 	0.12950, 	0.00200
0.04750,	0.07942,	0.11232, 	0.13516, 	0.00000
0.04800,	0.07912,	0.11190, 	0.13368, 	0.00000
0.04850,	0.07915,	0.11193, 	0.13361, 	0.00000
0.04900,	0.08094,	0.11447, 	0.13605, 	0.00200
0.04950,	0.08342,	0.11797, 	0.13950, 	0.00000
0.05000,	0.08248,	0.11665, 	0.13793, 	0.00200
0.05050,	0.08143,	0.11516, 	0.13647, 	0.00000
0.05100,	0.08130,	0.11498, 	0.13605, 	0.00000
0.05150,	0.08386,	0.11859, 	0.13873, 	0.00000
0.05200,	0.08342,	0.11798, 	0.13768, 	0.00000
0.05250,	0.08350,	0.11808, 	0.13752, 	0.00000
0.05300,	0.08641,	0.12220, 	0.14170, 	0.00000
0.05350,	0.08800,	0.12445, 	0.14419, 	0.00000
0.05400,	0.08539,	0.12076, 	0.13947, 	0.00000
0.05450,	0.09053,	0.12804, 	0.14780, 	0.00000
0.05500,	0.08508,	0.12032, 	0.13875, 	0.00000
0.05550,	0.08772,	0.12406, 	0.14204, 	0.00000
0.05600,	0.08948,	0.12655, 	0.14423, 	0.00000
0.05650,	0.09029,	0.12769, 	0.14568, 	0.00000
0.05700,	0.09330,	0.13195, 	0.15035, 	0.00000
0.05750,	0.09238,	0.13064, 	0.14769, 	0.00000
0.05800,	0.09067,	0.12822, 	0.14549, 	0.00000
0.05850,	0.09319,	0.13180, 	0.14844, 	0.00000
0.05900,	0.09154,	0.12945, 	0.14543, 	0.00000
0.05950,	0.09608,	0.13587, 	0.15173, 	0.00000
0.06000,	0.09112,	0.12886, 	0.14443, 	0.00000
0.06050,	0.09444,	0.13356, 	0.14938, 	0.00000
0.06100,	0.09418,	0.13319, 	0.14849, 	0.00000
0.06150,	0.09721,	0.13748, 	0.15309, 	0.00000
0.06200,	0.09458,	0.13375, 	0.14891, 	0.00000
0.06250,	0.09290,	0.13138, 	0.14537, 	0.00000
0.06300,	0.09846,	0.13924, 	0.15296, 	0.00000
0.06350,	0.09868,	0.13956, 	0.15316, 	0.00000
0.06400,	0.09732,	0.13764, 	0.15064, 	0.00000
0.06450,	0.09948,	0.14069, 	0.15396, 	0.00000
0.06500,	0.10020,	0.14170, 	0.15409, 	0.00000
0.06550,	0.10122,	0.14314, 	0.15550, 	0.00000
0.06600,	0.10362,	0.14654, 	0.15843, 	0.00000
0.06650,	0.10372,	0.14669, 	0.15880, 	0.00000
0.06700,	0.10174,	0.14389, 	0.15582, 	0.00000
0.06750,	0.10440,	0.14764, 	0.15874, 	0.00000
0.06800,	0.10687,	0.15113, 	0.16173, 	0.00000
0.06850,	0.10318,	0.14592, 	0.15648, 	0.00000
0.06900,	0.10555,	0.14927, 	0.15983, 	0.00000
0.06950,	0.10578,	0.14959, 	0.15959, 	0.00000
0.07000,	0.10703,	0.15136, 	0.16076, 	0.00000
0.07050,	0.10655,	0.15068, 	0.16022, 	0.00000
0.07100,	0.10741,	0.15190, 	0.16151, 	0.00000
0.07150,	0.10783,	0.15249, 	0.16174, 	0.00000
0.07200,	0.10981,	0.15529, 	0.16385, 	0.00000
0.07250,	0.10978,	0.15526, 	0.16367, 	0.00000
0.07300,	0.11046,	0.15622, 	0.16383, 	0.00000
0.07350,	0.11023,	0.15590, 	0.16307, 	0.00000
0.07400,	0.11177,	0.15806, 	0.16503, 	0.00000
0.07450,	0.11143,	0.15758, 	0.16413, 	0.00000
0.07500,	0.11225,	0.15875, 	0.16561, 	0.00000
0.07550,	0.11120,	0.15726, 	0.16352, 	0.00000
0.07600,	0.11329,	0.16022, 	0.16584, 	0.00000
0.07650,	0.11294,	0.15973, 	0.16536, 	0.00000
0.07700,	0.11678,	0.16516, 	0.17028, 	0.00000
0.07750,	0.11343,	0.16041, 	0.16568, 	0.00000
0.07800,	0.11480,	0.16234, 	0.16739, 	0.00000
0.07850,	0.11733,	0.16593, 	0.17004, 	0.00000
0.07900,	0.11331,	0.16024, 	0.16432, 	0.00000
0.07950,	0.11893,	0.16820, 	0.17152, 	0.00000
0.08000,	0.11757,	0.16627, 	0.16959, 	0.00000
0.08050,	0.11625,	0.16441, 	0.16797, 	0.00000
0.08100,	0.11639,	0.16460, 	0.16724, 	0.00000
0.08150,	0.11773,	0.16649, 	0.16890, 	0.00000
0.08200,	0.11758,	0.16629, 	0.16833, 	0.00000
0.08250,	0.11745,	0.16610, 	0.16819, 	0.00000
0.08300,	0.12406,	0.17544, 	0.17624, 	0.00000
0.08350,	0.12137,	0.17165, 	0.17245, 	0.00000
0.08400,	0.12055,	0.17049, 	0.17115, 	0.00000
0.08450,	0.12492,	0.17666, 	0.17647, 	0.00000
0.08500,	0.12010,	0.16984, 	0.17023, 	0.00000
0.08550,	0.12054,	0.17046, 	0.17059, 	0.00000
0.08600,	0.11938,	0.16883, 	0.16863, 	0.00000
0.08650,	0.12241,	0.17311, 	0.17263, 	0.00000
0.08700,	0.12323,	0.17427, 	0.17305, 	0.00000
0.08750,	0.12162,	0.17200, 	0.17086, 	0.00000
0.08800,	0.12246,	0.17319, 	0.17160, 	0.00000
0.08850,	0.12405,	0.17543, 	0.17324, 	0.00000
0.08900,	0.12633,	0.17865, 	0.17602, 	0.00000
0.08950,	0.12485,	0.17657, 	0.17390, 	0.00000
0.09000,	0.12663,	0.17908, 	0.17576, 	0.00000
0.09050,	0.12412,	0.17553, 	0.17263, 	0.00000
0.09100,	0.12957,	0.18324, 	0.17906, 	0.00000
0.09150,	0.13117,	0.18550, 	0.18098, 	0.00000
0.09200,	0.12827,	0.18140, 	0.17715, 	0.00000
0.09250,	0.12994,	0.18376, 	0.17879, 	0.00000
0.09300,	0.12942,	0.18303, 	0.17792, 	0.00000
0.09350,	0.13173,	0.18629, 	0.18054, 	0.00000
0.09400,	0.13014,	0.18404, 	0.17851, 	0.00000
0.09450,	0.13150,	0.18597, 	0.17991, 	0.00000
0.09500,	0.13326,	0.18846, 	0.18175, 	0.00000
0.09550,	0.13260,	0.18752, 	0.18062, 	0.00000
0.09600,	0.13549,	0.19161, 	0.18407, 	0.00000
0.09650,	0.13020,	0.18413, 	0.17706, 	0.00000
0.09700,	0.13455,	0.19028, 	0.18248, 	0.00000
0.09750,	0.13632,	0.19279, 	0.18419, 	0.00000
0.09800,	0.13315,	0.18831, 	0.18023, 	0.00000
0.09850,	0.13302,	0.18812, 	0.17952, 	0.00000
0.09900,	0.13450,	0.19022, 	0.18134, 	0.00000
0.09950,	0.13286,	0.18790, 	0.17886, 	0.00000
0.10000,	0.13758,	0.19457, 	0.18459, 	0.00000
0.10050,	0.13618,	0.19259, 	0.18295, 	0.00000
0.10100,	0.13660,	0.19318, 	0.18295, 	0.00000
0.10150,	0.13682,	0.19349, 	0.18303, 	0.00000
0.10200,	0.13560,	0.19176, 	0.18136, 	0.00000
0.10250,	0.13782,	0.19491, 	0.18377, 	0.00000
0.10300,	0.13655,	0.19311, 	0.18202, 	0.00000
0.10350,	0.13879,	0.19628, 	0.18443, 	0.00000
0.10400,	0.14065,	0.19892, 	0.18671, 	0.00000
0.10450,	0.14199,	0.20081, 	0.18815, 	0.00000
0.10500,	0.14092,	0.19929, 	0.18659, 	0.00000
0.10550,	0.14092,	0.19929, 	0.18591, 	0.00000
0.10600,	0.14043,	0.19860, 	0.18532, 	0.00000
0.10650,	0.14311,	0.20238, 	0.18831, 	0.00000
0.10700,	0.14067,	0.19894, 	0.18511, 	0.00000
0.10750,	0.14316,	0.20245, 	0.18817, 	0.00000
0.10800,	0.14152,	0.20014, 	0.18571, 	0.00000
0.10850,	0.14262,	0.20170, 	0.18705, 	0.00000
0.10900,	0.14599,	0.20646, 	0.19051, 	0.00000
0.10950,	0.14409,	0.20377, 	0.18819, 	0.00000
0.11000,	0.14512,	0.20523, 	0.18917, 	0.00000
0.11050,	0.14337,	0.20276, 	0.18698, 	0.00000
0.11100,	0.14649,	0.20717, 	0.19024, 	0.00000
0.11150,	0.14249,	0.20151, 	0.18553, 	0.00000
0.11200,	0.14581,	0.20621, 	0.18918, 	0.00000
0.11250,	0.14405,	0.20372, 	0.18682, 	0.00000
0.11300,	0.14697,	0.20784, 	0.19003, 	0.00000
0.11350,	0.14857,	0.21011, 	0.19161, 	0.00000
0.11400,	0.15086,	0.21334, 	0.19428, 	0.00000
0.11450,	0.14540,	0.20563, 	0.18761, 	0.00000
0.11500,	0.14633,	0.20694, 	0.18844, 	0.00000
0.11550,	0.14864,	0.21021, 	0.19091, 	0.00000
0.11600,	0.14787,	0.20912, 	0.18989, 	0.00000
0.11650,	0.14680,	0.20761, 	0.18835, 	0.00000
0.11700,	0.15032,	0.21259, 	0.19222, 	0.00000
0.11750,	0.15041,	0.21271, 	0.19218, 	0.00000
0.11800,	0.15246,	0.21562, 	0.19438, 	0.00000
0.11850,	0.15105,	0.21362, 	0.19252, 	0.00000
0.11900,	0.15150,	0.21425, 	0.19294, 	0.00000
0.11950,	0.15361,	0.21723, 	0.19503, 	0.00000
0.12000,	0.15194,	0.21487, 	0.19298, 	0.00000
0.12050,	0.14838,	0.20984, 	0.18868, 	0.00000
0.12100,	0.15278,	0.21606, 	0.19355, 	0.00000
0.12150,	0.15237,	0.21548, 	0.19272, 	0.00000
0.12200,	0.15186,	0.21476, 	0.19214, 	0.00000
0.12250,	0.15339,	0.21693, 	0.19364, 	0.00000
0.12300,	0.15546,	0.21986, 	0.19586, 	0.00000
0.12350,	0.15591,	0.22049, 	0.19601, 	0.00000
0.12400,	0.15436,	0.21829, 	0.19408, 	0.00000
0.12450,	0.15683,	0.22179, 	0.19690, 	0.00000
0.12500,	0.15631,	0.22105, 	0.19606, 	0.00000
0.12550,	0.15550,	0.21991, 	0.19501, 	0.00000
0.12600,	0.16037,	0.22679, 	0.20010, 	0.00000
0.12650,	0.15715,	0.22225, 	0.19635, 	0.00000
0.12700,	0.15541,	0.21979, 	0.19432, 	0.00000
0.12750,	0.15768,	0.22300, 	0.19661, 	0.00000
0.12800,	0.15627,	0.22101, 	0.19478, 	0.00000
0.12850,	0.15723,	0.22236, 	0.19582, 	0.00000
0.12900,	0.16069,	0.22725, 	0.19936, 	0.00000
0.12950,	0.16003,	0.22632, 	0.19858, 	0.00000
0.13000,	0.16165,	0.22860, 	0.20018, 	0.00000
0.13050,	0.15984,	0.22605, 	0.19792, 	0.00000
0.13100,	0.15852,	0.22418, 	0.19623, 	0.00000
0.13150,	0.16079,	0.22739, 	0.19860, 	0.00000
0.13200,	0.15784,	0.22321, 	0.19524, 	0.00000
0.13250,	0.16123,	0.22801, 	0.19861, 	0.00000
0.13300,	0.16264,	0.23001, 	0.20006, 	0.00000
0.13350,	0.15973,	0.22590, 	0.19678, 	0.00000
0.13400,	0.16302,	0.23055, 	0.20024, 	0.00000
0.13450,	0.16025,	0.22663, 	0.19695, 	0.00000
0.13500,	0.16135,	0.22818, 	0.19811, 	0.00000
0.13550,	0.16208,	0.22922, 	0.19865, 	0.00000
0.13600,	0.16035,	0.22677, 	0.19664, 	0.00000
0.13650,	0.16171,	0.22869, 	0.19789, 	0.00000
0.13700,	0.16325,	0.23087, 	0.19943, 	0.00000
0.13750,	0.16303,	0.23056, 	0.19912, 	0.00000
0.13800,	0.16155,	0.22847, 	0.19722, 	0.00000
0.13850,	0.16602,	0.23478, 	0.20195, 	0.00000
0.13900,	0.16284,	0.23029, 	0.19824, 	0.00000
0.13950,	0.16091,	0.22756, 	0.19612, 	0.00000
0.14000,	0.16310,	0.23066, 	0.19813, 	0.00000
0.14050,	0.16602,	0.23479, 	0.20131, 	0.00000
0.14100,	0.16498,	0.23332, 	0.19994, 	0.00000
0.14150,	0.16550,	0.23406, 	0.20034, 	0.00000
0.14200,	0.16392,	0.23182, 	0.19843, 	0.00000
0.14250,	0.16678,	0.23587, 	0.20149, 	0.00000
0.14300,	0.16461,	0.23280, 	0.19886, 	0.00000
0.14350,	0.16695,	0.23610, 	0.20117, 	0.00000
0.14400,	0.16445,	0.23257, 	0.19841, 	0.00000
0.14450,	0.16595,	0.23469, 	0.19990, 	0.00000
0.14500,	0.17005,	0.24048, 	0.20409, 	0.00000
0.14550,	0.16915,	0.23922, 	0.20297, 	0.00000
0.14600,	0.16701,	0.23619, 	0.20054, 	0.00000
0.14650,	0.16568,	0.23431, 	0.19892, 	0.00000
0.14700,	0.16612,	0.23493, 	0.19924, 	0.00000
0.14750,	0.16820,	0.23787, 	0.20140, 	0.00000
0.14800,	0.16770,	0.23717, 	0.20059, 	0.00000
0.14850,	0.16663,	0.23565, 	0.19937, 	0.00000
0.14900,	0.16780,	0.23731, 	0.20052, 	0.00000
0.14950,	0.16842,	0.23818, 	0.20100, 	0.00000
0.15000,	0.16718,	0.23643, 	0.19936, 	0.00000
0.15050,	0.17214,	0.24344, 	0.20469, 	0.00000
0.15100,	0.16669,	0.23574, 	0.19861, 	0.00000
0.15150,	0.16990,	0.24027, 	0.20200, 	0.00000
0.15200,	0.16955,	0.23978, 	0.20142, 	0.00000
0.15250,	0.17110,	0.24197, 	0.20289, 	0.00000
0.15300,	0.17125,	0.24218, 	0.20292, 	0.00000
0.15350,	0.17115,	0.24204, 	0.20268, 	0.00000
0.15400,	0.17181,	0.24298, 	0.20330, 	0.00000
0.15450,	0.17009,	0.24054, 	0.20120, 	0.00000
0.15500,	0.17394,	0.24599, 	0.20524, 	0.00000
0.15550,	0.17320,	0.24494, 	0.20428, 	0.00000
0.15600,	0.17273,	0.24427, 	0.20351, 	0.00000
0.15650,	0.17245,	0.24388, 	0.20324, 	0.00000
0.15700,	0.17227,	0.24363, 	0.20285, 	0.00000
0.15750,	0.17289,	0.24451, 	0.20337, 	0.00000
0.15800,	0.17338,	0.24520, 	0.20375, 	0.00000
0.15850,	0.17246,	0.24389, 	0.20258, 	0.00000
0.15900,	0.17459,	0.24691, 	0.20469, 	0.00000
0.15950,	0.17569,	0.24847, 	0.20581, 	0.00000
0.16000,	0.17679,	0.25002, 	0.20685, 	0.00000
0.16050,	0.17419,	0.24634, 	0.20390, 	0.00000
0.16100,	0.17498,	0.24746, 	0.20459, 	0.00000
0.16150,	0.17432,	0.24653, 	0.20368, 	0.00000
0.16200,	0.17449,	0.24677, 	0.20376, 	0.00000
0.16250,	0.17366,	0.24559, 	0.20274, 	0.00000
0.16300,	0.17277,	0.24433, 	0.20173, 	0.00000
0.16350,	0.17401,	0.24609, 	0.20281, 	0.00000
0.16400,	0.17486,	0.24728, 	0.20360, 	0.00000
0.16450,	0.17635,	0.24939, 	0.20496, 	0.00000
0.16500,	0.17665,	0.24982, 	0.20519, 	0.00000
0.16550,	0.17766,	0.25126, 	0.20612, 	0.00000
0.16600,	0.17548,	0.24816, 	0.20369, 	0.00000
0.16650,	0.17433,	0.24653, 	0.20225, 	0.00000
0.16700,	0.17600,	0.24891, 	0.20397, 	0.00000
0.16750,	0.17676,	0.24997, 	0.20462, 	0.00000
0.16800,	0.17694,	0.25023, 	0.20468, 	0.00000
0.16850,	0.17906,	0.25323, 	0.20689, 	0.00000
0.16900,	0.17647,	0.24957, 	0.20386, 	0.00000
0.16950,	0.17657,	0.24971, 	0.20393, 	0.00000
0.17000,	0.17887,	0.25295, 	0.20616, 	0.00000
0.17050,	0.17539,	0.24804, 	0.20229, 	0.00000
0.17100,	0.17668,	0.24986, 	0.20362, 	0.00000
0.17150,	0.17699,	0.25030, 	0.20376, 	0.00000
0.17200,	0.17776,	0.25140, 	0.20449, 	0.00000
0.17250,	0.17802,	0.25177, 	0.20466, 	0.00000
0.17300,	0.17654,	0.24967, 	0.20289, 	0.00000
0.17350,	0.17951,	0.25386, 	0.20589, 	0.00000
0.17400,	0.18004,	0.25461, 	0.20641, 	0.00000
0.17450,	0.18024,	0.25489, 	0.20645, 	0.00000
0.17500,	0.17902,	0.25318, 	0.20502, 	0.00000
0.17550,	0.18100,	0.25598, 	0.20699, 	0.00000
0.17600,	0.17933,	0.25360, 	0.20508, 	0.00000
0.17650,	0.17767,	0.25127, 	0.20321, 	0.00000
0.17700,	0.17754,	0.25109, 	0.20294, 	0.00000
0.17750,	0.18199,	0.25737, 	0.20752, 	0.00000
0.17800,	0.17794,	0.25165, 	0.20308, 	0.00000
0.17850,	0.17907,	0.25324, 	0.20419, 	0.00000
0.17900,	0.17992,	0.25444, 	0.20499, 	0.00000
0.17950,	0.17959,	0.25397, 	0.20448, 	0.00000
0.18000,	0.17936,	0.25365, 	0.20412, 	0.00000
0.18050,	0.18153,	0.25672, 	0.20628, 	0.00000
0.18100,	0.17985,	0.25435, 	0.20432, 	0.00000
0.18150,	0.17932,	0.25360, 	0.20366, 	0.00000
0.18200,	0.17890,	0.25300, 	0.20315, 	0.00000
0.18250,	0.17949,	0.25384, 	0.20368, 	0.00000
0.18300,	0.18282,	0.25855, 	0.20695, 	0.00000
0.18350,	0.18098,	0.25594, 	0.20492, 	0.00000
0.18400,	0.18119,	0.25624, 	0.20506, 	0.00000
0.18450,	0.18197,	0.25735, 	0.20578, 	0.00000
0.18500,	0.18132,	0.25643, 	0.20492, 	0.00000
0.18550,	0.18264,	0.25829, 	0.20622, 	0.00000
0.18600,	0.18064,	0.25546, 	0.20396, 	0.00000
0.18650,	0.18349,	0.25950, 	0.20679, 	0.00000
0.18700,	0.18322,	0.25911, 	0.20641, 	0.00000
0.18750,	0.18165,	0.25689, 	0.20467, 	0.00000
0.18800,	0.18156,	0.25676, 	0.20444, 	0.00000
0.18850,	0.18123,	0.25630, 	0.20396, 	0.00000
0.18900,	0.18145,	0.25660, 	0.20413, 	0.00000
0.18950,	0.18227,	0.25777, 	0.20486, 	0.00000
0.19000,	0.18150,	0.25668, 	0.20390, 	0.00000
0.19050,	0.18351,	0.25952, 	0.20593, 	0.00000
0.19100,	0.18137,	0.25649, 	0.20357, 	0.00000
0.19150,	0.18425,	0.26058, 	0.20649, 	0.00000
0.19200,	0.17975,	0.25421, 	0.20162, 	0.00000
0.19250,	0.18238,	0.25793, 	0.20427, 	0.00000
0.19300,	0.18128,	0.25637, 	0.20304, 	0.00000
0.19350,	0.17839,	0.25228, 	0.19989, 	0.00000
0.19400,	0.18135,	0.25647, 	0.20286, 	0.00000
0.19450,	0.18362,	0.25967, 	0.20510, 	0.00000
0.19500,	0.18285,	0.25858, 	0.20424, 	0.00000
0.19550,	0.18248,	0.25806, 	0.20367, 	0.00000
0.19600,	0.18311,	0.25896, 	0.20423, 	0.00000
0.19650,	0.18331,	0.25924, 	0.20435, 	0.00000
0.19700,	0.18324,	0.25915, 	0.20417, 	0.00000
0.19750,	0.18248,	0.25807, 	0.20327, 	0.00000
0.19800,	0.18408,	0.26033, 	0.20480, 	0.00000
0.19850,	0.18128,	0.25637, 	0.20181, 	0.00000
0.19900,	0.18284,	0.25857, 	0.20326, 	0.00000
0.19950,	0.18588,	0.26287, 	0.20632, 	0.00000
0.20000,	0.18236,	0.25790, 	0.20257, 	0.00000
0.20050,	0.18158,	0.25680, 	0.20167, 	0.00000
0.20100,	0.18126,	0.25634, 	0.20122, 	0.00000
0.20150,	0.18240,	0.25795, 	0.20233, 	0.00000
0.20200,	0.18330,	0.25922, 	0.20319, 	0.00000
0.20250,	0.18103,	0.25601, 	0.20068, 	0.00000
0.20300,	0.18387,	0.26004, 	0.20352, 	0.00000
0.20350,	0.18475,	0.26128, 	0.20431, 	0.00000
0.20400,	0.18333,	0.25927, 	0.20275, 	0.00000
0.20450,	0.18303,	0.25884, 	0.20233, 	0.00000
0.20500,	0.18396,	0.26015, 	0.20320, 	0.00000
0.20550,	0.18247,	0.25805, 	0.20152, 	0.00000
0.20600,	0.18502,	0.26165, 	0.20408, 	0.00000
0.20650,	0.18311,	0.25895, 	0.20199, 	0.00000
0.20700,	0.18206,	0.25747, 	0.20084, 	0.00000
0.20750,	0.18122,	0.25628, 	0.19987, 	0.00000
0.20800,	0.18511,	0.26178, 	0.20379, 	0.00000
0.20850,	0.18454,	0.26098, 	0.20306, 	0.00000
0.20900,	0.18413,	0.26040, 	0.20255, 	0.00000
0.20950,	0.18406,	0.26031, 	0.20241, 	0.00000
0.21000,	0.18353,	0.25955, 	0.20177, 	0.00000
0.21050,	0.18336,	0.25931, 	0.20145, 	0.00000
0.21100,	0.18236,	0.25790, 	0.20034, 	0.00000
0.21150,	0.18335,	0.25929, 	0.20127, 	0.00000
0.21200,	0.18348,	0.25949, 	0.20129, 	0.00000
0.21250,	0.18278,	0.25849, 	0.20048, 	0.00000
0.21300,	0.18300,	0.25880, 	0.20060, 	0.00000
0.21350,	0.18481,	0.26136, 	0.20238, 	0.00000
0.21400,	0.18268,	0.25834, 	0.20005, 	0.00000
0.21450,	0.18189,	0.25723, 	0.19917, 	0.00000
0.21500,	0.18328,	0.25920, 	0.20050, 	0.00000
0.21550,	0.18635,	0.26354, 	0.20359, 	0.00000
0.21600,	0.18182,	0.25714, 	0.19884, 	0.00000
0.21650,	0.18284,	0.25857, 	0.19979, 	0.00000
0.21700,	0.18302,	0.25883, 	0.19991, 	0.00000
0.21750,	0.18499,	0.26162, 	0.20182, 	0.00000
0.21800,	0.18311,	0.25896, 	0.19983, 	0.00000
0.21850,	0.18439,	0.26076, 	0.20101, 	0.00000
0.21900,	0.18513,	0.26182, 	0.20166, 	0.00000
0.21950,	0.18194,	0.25731, 	0.19832, 	0.00000
0.22000,	0.18381,	0.25994, 	0.20013, 	0.00000
0.22050,	0.18615,	0.26326, 	0.20244, 	0.00000
0.22100,	0.18228,	0.25778, 	0.19838, 	0.00000
0.22150,	0.18335,	0.25929, 	0.19938, 	0.00000
0.22200,	0.18325,	0.25916, 	0.19920, 	0.00000
0.22250,	0.18357,	0.25961, 	0.19946, 	0.00000
0.22300,	0.18284,	0.25857, 	0.19861, 	0.00000
0.22350,	0.18178,	0.25707, 	0.19744, 	0.00000
0.22400,	0.18414,	0.26041, 	0.19975, 	0.00000
0.22450,	0.18271,	0.25839, 	0.19819, 	0.00000
0.22500,	0.18180,	0.25711, 	0.19718, 	0.00000
0.22550,	0.18137,	0.25650, 	0.19667, 	0.00000
0.22600,	0.18170,	0.25697, 	0.19689, 	0.00000
0.22650,	0.18269,	0.25836, 	0.19785, 	0.00000
0.22700,	0.18248,	0.25806, 	0.19753, 	0.00000
0.22750,	0.18470,	0.26121, 	0.19974, 	0.00000
0.22800,	0.18218,	0.25765, 	0.19707, 	0.00000
0.22850,	0.18311,	0.25895, 	0.19790, 	0.00000
0.22900,	0.18417,	0.26045, 	0.19892, 	0.00000
0.22950,	0.18336,	0.25930, 	0.19802, 	0.00000
0.23000,	0.18071,	0.25557, 	0.19522, 	0.00000
0.23050,	0.18137,	0.25650, 	0.19583, 	0.00000
0.23100,	0.18245,	0.25802, 	0.19683, 	0.00000
0.23150,	0.18182,	0.25714, 	0.19612, 	0.00000
0.23200,	0.18246,	0.25804, 	0.19668, 	0.00000
0.23250,	0.18162,	0.25685, 	0.19575, 	0.00000
0.23300,	0.18113,	0.25616, 	0.19514, 	0.00000
0.23350,	0.18345,	0.25943, 	0.19743, 	0.00000
0.23400,	0.18412,	0.26039, 	0.19804, 	0.00000
0.23450,	0.18150,	0.25668, 	0.19530, 	0.00000
0.23500,	0.18288,	0.25863, 	0.19662, 	0.00000
0.23550,	0.18181,	0.25712, 	0.19546, 	0.00000
0.23600,	0.18214,	0.25759, 	0.19571, 	0.00000
0.23650,	0.17930,	0.25357, 	0.19272, 	0.00000
0.23700,	0.18327,	0.25919, 	0.19670, 	0.00000
0.23750,	0.18447,	0.26087, 	0.19785, 	0.00000
0.23800,	0.18089,	0.25582, 	0.19412, 	0.00000
0.23850,	0.18202,	0.25741, 	0.19518, 	0.00000
0.23900,	0.17980,	0.25427, 	0.19284, 	0.00000
0.23950,	0.18271,	0.25840, 	0.19576, 	0.00000
0.24000,	0.18238,	0.25793, 	0.19531, 	0.00000
0.24050,	0.18165,	0.25690, 	0.19452, 	0.00000
0.24100,	0.18095,	0.25590, 	0.19369, 	0.00000
0.24150,	0.18178,	0.25707, 	0.19448, 	0.00000
0.24200,	0.18077,	0.25565, 	0.19338, 	0.00000
0.24250,	0.17996,	0.25450, 	0.19247, 	0.00000
0.24300,	0.18048,	0.25524, 	0.19295, 	0.00000
0.24350,	0.17907,	0.25325, 	0.19143, 	0.00000
0.24400,	0.18073,	0.25560, 	0.19304, 	0.00000
0.24450,	0.18301,	0.25882, 	0.19529, 	0.00000
0.24500,	0.17823,	0.25205, 	0.19036, 	0.00000
0.24550,	0.17980,	0.25428, 	0.19189, 	0.00000
0.24600,	0.18223,	0.25771, 	0.19427, 	0.00000
0.24650,	0.18008,	0.25468, 	0.19201, 	0.00000
0.24700,	0.17947,	0.25381, 	0.19132, 	0.00000
0.24750,	0.17843,	0.25234, 	0.19019, 	0.00000
0.24800,	0.17753,	0.25107, 	0.18921, 	0.00000
0.24850,	0.17957,	0.25396, 	0.19121, 	0.00000
0.24900,	0.17941,	0.25372, 	0.19097, 	0.00000
0.24950,	0.17850,	0.25244, 	0.18997, 	0.00000
0.25000,	0.17988,	0.25439, 	0.19132, 	0.00000
0.25050,	0.18028,	0.25496, 	0.19166, 	0.00000
0.25100,	0.17897,	0.25310, 	0.19025, 	0.00000
0.25150,	0.18016,	0.25479, 	0.19139, 	0.00000
0.25200,	0.17910,	0.25329, 	0.19025, 	0.00000
0.25250,	0.17776,	0.25140, 	0.18882, 	0.00000
0.25300,	0.17884,	0.25292, 	0.18984, 	0.00000
0.25350,	0.17698,	0.25029, 	0.18790, 	0.00000
0.25400,	0.17995,	0.25448, 	0.19083, 	0.00000
0.25450,	0.17774,	0.25136, 	0.18852, 	0.00000
0.25500,	0.17740,	0.25088, 	0.18810, 	0.00000
0.25550,	0.17892,	0.25304, 	0.18959, 	0.00000
0.25600,	0.17708,	0.25043, 	0.18765, 	0.00000
0.25650,	0.17829,	0.25213, 	0.18881, 	0.00000
0.25700,	0.17816,	0.25196, 	0.18861, 	0.00000
0.25750,	0.17776,	0.25139, 	0.18814, 	0.00000
0.25800,	0.17779,	0.25143, 	0.18810, 	0.00000
0.25850,	0.17582,	0.24865, 	0.18606, 	0.00000
0.25900,	0.17571,	0.24850, 	0.18588, 	0.00000
0.25950,	0.17568,	0.24845, 	0.18579, 	0.00000
0.26000,	0.17830,	0.25216, 	0.18837, 	0.00000
0.26050,	0.17671,	0.24990, 	0.18670, 	0.00000
0.26100,	0.17571,	0.24849, 	0.18562, 	0.00000
0.26150,	0.17666,	0.24983, 	0.18652, 	0.00000
0.26200,	0.17770,	0.25130, 	0.18748, 	0.00000
0.26250,	0.17641,	0.24948, 	0.18613, 	0.00000
0.26300,	0.17663,	0.24980, 	0.18629, 	0.00000
0.26350,	0.17656,	0.24969, 	0.18617, 	0.00000
0.26400,	0.17463,	0.24696, 	0.18415, 	0.00000
0.26450,	0.17520,	0.24778, 	0.18468, 	0.00000
0.26500,	0.17569,	0.24847, 	0.18510, 	0.00000
0.26550,	0.17494,	0.24740, 	0.18428, 	0.00000
0.26600,	0.17616,	0.24913, 	0.18546, 	0.00000
0.26650,	0.17532,	0.24794, 	0.18455, 	0.00000
0.26700,	0.17510,	0.24763, 	0.18425, 	0.00000
0.26750,	0.17462,	0.24696, 	0.18371, 	0.00000
0.26800,	0.17413,	0.24626, 	0.18317, 	0.00000
0.26850,	0.17421,	0.24636, 	0.18318, 	0.00000
0.26900,	0.17547,	0.24815, 	0.18439, 	0.00000
0.26950,	0.17589,	0.24874, 	0.18476, 	0.00000
0.27000,	0.17375,	0.24572, 	0.18254, 	0.00000
0.27050,	0.17205,	0.24332, 	0.18076, 	0.00000
0.27100,	0.17444,	0.24670, 	0.18313, 	0.00000
0.27150,	0.17317,	0.24489, 	0.18177, 	0.00000
0.27200,	0.17223,	0.24357, 	0.18078, 	0.00000
0.27250,	0.17197,	0.24320, 	0.18046, 	0.00000
0.27300,	0.17308,	0.24477, 	0.18151, 	0.00000
0.27350,	0.17176,	0.24291, 	0.18015, 	0.00000
0.27400,	0.17292,	0.24454, 	0.18125, 	0.00000
0.27450,	0.17300,	0.24465, 	0.18127, 	0.00000
0.27500,	0.17191,	0.24312, 	0.18011, 	0.00000
0.27550,	0.17200,	0.24324, 	0.18015, 	0.00000
0.27600,	0.17141,	0.24241, 	0.17950, 	0.00000
0.27650,	0.16988,	0.24025, 	0.17790, 	0.00000
0.27700,	0.17076,	0.24149, 	0.17873, 	0.00000
0.27750,	0.17011,	0.24058, 	0.17803, 	0.00000
0.27800,	0.17099,	0.24182, 	0.17886, 	0.00000
0.27850,	0.16940,	0.23956, 	0.17720, 	0.00000
0.27900,	0.17023,	0.24074, 	0.17799, 	0.00000
0.27950,	0.16868,	0.23855, 	0.17637, 	0.00000
0.28000,	0.16991,	0.24028, 	0.17756, 	0.00000
0.28050,	0.17122,	0.24214, 	0.17883, 	0.00000
0.28100,	0.17072,	0.24143, 	0.17827, 	0.00000
0.28150,	0.16815,	0.23780, 	0.17563, 	0.00000
0.28200,	0.16924,	0.23935, 	0.17668, 	0.00000
0.28250,	0.16999,	0.24041, 	0.17738, 	0.00000
0.28300,	0.16744,	0.23680, 	0.17476, 	0.00000
0.28350,	0.16935,	0.23950, 	0.17664, 	0.00000
0.28400,	0.16843,	0.23819, 	0.17565, 	0.00000
0.28450,	0.16758,	0.23700, 	0.17475, 	0.00000
0.28500,	0.16712,	0.23634, 	0.17423, 	0.00000
0.28550,	0.16773,	0.23720, 	0.17479, 	0.00000
0.28600,	0.16963,	0.23990, 	0.17666, 	0.00000
0.28650,	0.16692,	0.23606, 	0.17388, 	0.00000
0.28700,	0.16823,	0.23791, 	0.17515, 	0.00000
0.28750,	0.16644,	0.23538, 	0.17330, 	0.00000
0.28800,	0.16722,	0.23649, 	0.17403, 	0.00000
0.28850,	0.16611,	0.23491, 	0.17287, 	0.00000
0.28900,	0.16754,	0.23694, 	0.17426, 	0.00000
0.28950,	0.16662,	0.23563, 	0.17328, 	0.00000
0.29000,	0.16651,	0.23548, 	0.17313, 	0.00000
0.29050,	0.16453,	0.23268, 	0.17108, 	0.00000
0.29100,	0.16582,	0.23450, 	0.17234, 	0.00000
0.29150,	0.16605,	0.23482, 	0.17252, 	0.00000
0.29200,	0.16459,	0.23276, 	0.17101, 	0.00000
0.29250,	0.16442,	0.23253, 	0.17079, 	0.00000
0.29300,	0.16581,	0.23449, 	0.17214, 	0.00000
0.29350,	0.16430,	0.23236, 	0.17058, 	0.00000
0.29400,	0.16374,	0.23156, 	0.16996, 	0.00000
0.29450,	0.16375,	0.23157, 	0.16993, 	0.00000
0.29500,	0.16256,	0.22989, 	0.16868, 	0.00000
0.29550,	0.16234,	0.22959, 	0.16842, 	0.00000
0.29600,	0.16214,	0.22930, 	0.16818, 	0.00000
0.29650,	0.16277,	0.23019, 	0.16876, 	0.00000
0.29700,	0.16325,	0.23087, 	0.16920, 	0.00000
0.29750,	0.16123,	0.22802, 	0.16713, 	0.00000
0.29800,	0.16185,	0.22888, 	0.16770, 	0.00000
0.29850,	0.16047,	0.22694, 	0.16627, 	0.00000
0.29900,	0.16276,	0.23018, 	0.16853, 	0.00000
0.29950,	0.16095,	0.22761, 	0.16666, 	0.00000
0.30000,	0.16162,	0.22857, 	0.16731, 	0.00000
0.30050,	0.16055,	0.22706, 	0.16618, 	0.00000
0.30100,	0.16065,	0.22719, 	0.16624, 	0.00000
0.30150,	0.15979,	0.22597, 	0.16533, 	0.00000
0.30200,	0.15981,	0.22600, 	0.16531, 	0.00000
0.30250,	0.15981,	0.22601, 	0.16528, 	0.00000
0.30300,	0.16055,	0.22705, 	0.16597, 	0.00000
0.30350,	0.15993,	0.22618, 	0.16531, 	0.00000
0.30400,	0.15924,	0.22520, 	0.16457, 	0.00000
0.30450,	0.15850,	0.22415, 	0.16378, 	0.00000
0.30500,	0.15846,	0.22409, 	0.16370, 	0.00000
0.30550,	0.15779,	0.22315, 	0.16299, 	0.00000
0.30600,	0.15757,	0.22283, 	0.16273, 	0.00000
0.30650,	0.15794,	0.22337, 	0.16307, 	0.00000
0.30700,	0.15825,	0.22380, 	0.16334, 	0.00000
0.30750,	0.15745,	0.22267, 	0.16249, 	0.00000
0.30800,	0.15719,	0.22229, 	0.16219, 	0.00000
0.30850,	0.15681,	0.22176, 	0.16177, 	0.00000
0.30900,	0.15640,	0.22118, 	0.16132, 	0.00000
0.30950,	0.15711,	0.22219, 	0.16200, 	0.00000
0.31000,	0.15639,	0.22117, 	0.16123, 	0.00000
0.31050,	0.15707,	0.22214, 	0.16188, 	0.00000
0.31100,	0.15521,	0.21950, 	0.15997, 	0.00000
0.31150,	0.15498,	0.21917, 	0.15970, 	0.00000
0.31200,	0.15610,	0.22076, 	0.16079, 	0.00000
0.31250,	0.15486,	0.21901, 	0.15951, 	0.00000
0.31300,	0.15514,	0.21940, 	0.15975, 	0.00000
0.31350,	0.15509,	0.21932, 	0.15966, 	0.00000
0.31400,	0.15473,	0.21883, 	0.15927, 	0.00000
0.31450,	0.15382,	0.21753, 	0.15831, 	0.00000
0.31500,	0.15329,	0.21679, 	0.15775, 	0.00000
0.31550,	0.15334,	0.21686, 	0.15776, 	0.00000
0.31600,	0.15276,	0.21604, 	0.15715, 	0.00000
0.31650,	0.15155,	0.21433, 	0.15589, 	0.00000
0.31700,	0.15147,	0.21421, 	0.15578, 	0.00000
0.31750,	0.15228,	0.21535, 	0.15655, 	0.00000
0.31800,	0.15213,	0.21515, 	0.15637, 	0.00000
0.31850,	0.15133,	0.21401, 	0.15553, 	0.00000
0.31900,	0.15137,	0.21407, 	0.15554, 	0.00000
0.31950,	0.15147,	0.21421, 	0.15560, 	0.00000
0.32000,	0.15114,	0.21375, 	0.15524, 	0.00000
0.32050,	0.15056,	0.21292, 	0.15462, 	0.00000
0.32100,	0.15031,	0.21257, 	0.15434, 	0.00000
0.32150,	0.14891,	0.21059, 	0.15290, 	0.00000
0.32200,	0.14897,	0.21068, 	0.15293, 	0.00000
0.32250,	0.14931,	0.21116, 	0.15323, 	0.00000
0.32300,	0.14891,	0.21060, 	0.15280, 	0.00000
0.32350,	0.14779,	0.20901, 	0.15164, 	0.00000
0.32400,	0.14775,	0.20895, 	0.15156, 	0.00000
0.32450,	0.14846,	0.20996, 	0.15225, 	0.00000
0.32500,	0.14786,	0.20910, 	0.15161, 	0.00000
0.32550,	0.14673,	0.20751, 	0.15045, 	0.00000
0.32600,	0.14638,	0.20701, 	0.15006, 	0.00000
0.32650,	0.14606,	0.20657, 	0.14971, 	0.00000
0.32700,	0.14641,	0.20706, 	0.15003, 	0.00000
0.32750,	0.14699,	0.20788, 	0.15058, 	0.00000
0.32800,	0.14438,	0.20418, 	0.14793, 	0.00000
0.32850,	0.14563,	0.20595, 	0.14916, 	0.00000
0.32900,	0.14611,	0.20663, 	0.14961, 	0.00000
0.32950,	0.14433,	0.20411, 	0.14778, 	0.00000
0.33000,	0.14486,	0.20487, 	0.14829, 	0.00000
0.33050,	0.14328,	0.20263, 	0.14668, 	0.00000
0.33100,	0.14423,	0.20397, 	0.14760, 	0.00000
0.33150,	0.14346,	0.20288, 	0.14680, 	0.00000
0.33200,	0.14239,	0.20137, 	0.14570, 	0.00000
0.33250,	0.14233,	0.20129, 	0.14561, 	0.00000
0.33300,	0.14185,	0.20060, 	0.14509, 	0.00000
0.33350,	0.14306,	0.20232, 	0.14628, 	0.00000
0.33400,	0.14201,	0.20083, 	0.14519, 	0.00000
0.33450,	0.14216,	0.20104, 	0.14531, 	0.00000
0.33500,	0.14122,	0.19971, 	0.14434, 	0.00000
0.33550,	0.14072,	0.19901, 	0.14382, 	0.00000
0.33600,	0.14057,	0.19880, 	0.14364, 	0.00000
0.33650,	0.14017,	0.19823, 	0.14321, 	0.00000
0.33700,	0.13964,	0.19749, 	0.14265, 	0.00000
0.33750,	0.13914,	0.19677, 	0.14212, 	0.00000
0.33800,	0.13968,	0.19754, 	0.14264, 	0.00000
0.33850,	0.13891,	0.19645, 	0.14184, 	0.00000
0.33900,	0.13877,	0.19624, 	0.14166, 	0.00000
0.33950,	0.13801,	0.19518, 	0.14088, 	0.00000
0.34000,	0.13857,	0.19597, 	0.14141, 	0.00000
0.34050,	0.13779,	0.19487, 	0.14061, 	0.00000
0.34100,	0.13794,	0.19507, 	0.14073, 	0.00000
0.34150,	0.13675,	0.19340, 	0.13952, 	0.00000
0.34200,	0.13645,	0.19297, 	0.13918, 	0.00000
0.34250,	0.13649,	0.19303, 	0.13920, 	0.00000
0.34300,	0.13621,	0.19263, 	0.13890, 	0.00000
0.34350,	0.13696,	0.19369, 	0.13962, 	0.00000
0.34400,	0.13501,	0.19094, 	0.13764, 	0.00000
0.34450,	0.13481,	0.19065, 	0.13741, 	0.00000
0.34500,	0.13439,	0.19005, 	0.13697, 	0.00000
0.34550,	0.13429,	0.18991, 	0.13684, 	0.00000
0.34600,	0.13417,	0.18974, 	0.13669, 	0.00000
0.34650,	0.13363,	0.18898, 	0.13614, 	0.00000
0.34700,	0.13349,	0.18878, 	0.13596, 	0.00000
0.34750,	0.13353,	0.18884, 	0.13599, 	0.00000
0.34800,	0.13276,	0.18776, 	0.13519, 	0.00000
0.34850,	0.13239,	0.18722, 	0.13479, 	0.00000
0.34900,	0.13184,	0.18645, 	0.13422, 	0.00000
0.34950,	0.13096,	0.18520, 	0.13331, 	0.00000
0.35000,	0.13213,	0.18686, 	0.13446, 	0.00000
0.35050,	0.13060,	0.18470, 	0.13291, 	0.00000
0.35100,	0.13052,	0.18459, 	0.13281, 	0.00000
0.35150,	0.12964,	0.18333, 	0.13190, 	0.00000
0.35200,	0.12999,	0.18383, 	0.13223, 	0.00000
0.35250,	0.12835,	0.18152, 	0.13056, 	0.00000
0.35300,	0.12999,	0.18384, 	0.13219, 	0.00000
0.35350,	0.12842,	0.18161, 	0.13059, 	0.00000
0.35400,	0.12912,	0.18260, 	0.13127, 	0.00000
0.35450,	0.12731,	0.18005, 	0.12944, 	0.00000
0.35500,	0.12797,	0.18097, 	0.13007, 	0.00000
0.35550,	0.12763,	0.18049, 	0.12971, 	0.00000
0.35600,	0.12736,	0.18011, 	0.12942, 	0.00000
0.35650,	0.12633,	0.17865, 	0.12836, 	0.00000
0.35700,	0.12712,	0.17978, 	0.12914, 	0.00000
0.35750,	0.12565,	0.17769, 	0.12764, 	0.00000
0.35800,	0.12580,	0.17790, 	0.12777, 	0.00000
0.35850,	0.12518,	0.17704, 	0.12713, 	0.00000
0.35900,	0.12532,	0.17723, 	0.12725, 	0.00000
0.35950,	0.12401,	0.17538, 	0.12592, 	0.00000
0.36000,	0.12388,	0.17520, 	0.12577, 	0.00000
0.36050,	0.12421,	0.17567, 	0.12608, 	0.00000
0.36100,	0.12367,	0.17489, 	0.12552, 	0.00000
0.36150,	0.12286,	0.17374, 	0.12468, 	0.00000
0.36200,	0.12254,	0.17329, 	0.12434, 	0.00000
0.36250,	0.12294,	0.17386, 	0.12472, 	0.00000
0.36300,	0.12168,	0.17208, 	0.12344, 	0.00000
0.36350,	0.12121,	0.17142, 	0.12296, 	0.00000
0.36400,	0.12138,	0.17165, 	0.12310, 	0.00000
0.36450,	0.12147,	0.17178, 	0.12318, 	0.00000
0.36500,	0.12081,	0.17086, 	0.12250, 	0.00000
0.36550,	0.12096,	0.17106, 	0.12263, 	0.00000
0.36600,	0.12010,	0.16985, 	0.12175, 	0.00000
0.36650,	0.11936,	0.16880, 	0.12099, 	0.00000
0.36700,	0.11953,	0.16904, 	0.12114, 	0.00000
0.36750,	0.11832,	0.16733, 	0.11991, 	0.00000
0.36800,	0.11848,	0.16756, 	0.12006, 	0.00000
0.36850,	0.11693,	0.16536, 	0.11848, 	0.00000
0.36900,	0.11724,	0.16581, 	0.11878, 	0.00000
0.36950,	0.11743,	0.16607, 	0.11895, 	0.00000
0.37000,	0.11727,	0.16584, 	0.11877, 	0.00000
0.37050,	0.11628,	0.16445, 	0.11777, 	0.00000
0.37100,	0.11559,	0.16347, 	0.11706, 	0.00000
0.37150,	0.11511,	0.16279, 	0.11656, 	0.00000
0.37200,	0.11534,	0.16311, 	0.11677, 	0.00000
0.37250,	0.11505,	0.16270, 	0.11646, 	0.00000
0.37300,	0.11512,	0.16280, 	0.11652, 	0.00000
0.37350,	0.11369,	0.16078, 	0.11507, 	0.00000
0.37400,	0.11382,	0.16097, 	0.11519, 	0.00000
0.37450,	0.11340,	0.16037, 	0.11475, 	0.00000
0.37500,	0.11301,	0.15982, 	0.11434, 	0.00000
0.37550,	0.11248,	0.15906, 	0.11379, 	0.00000
0.37600,	0.11242,	0.15899, 	0.11372, 	0.00000
0.37650,	0.11238,	0.15893, 	0.11366, 	0.00000
0.37700,	0.11144,	0.15760, 	0.11271, 	0.00000
0.37750,	0.11051,	0.15629, 	0.11177, 	0.00000
0.37800,	0.11025,	0.15592, 	0.11149, 	0.00000
0.37850,	0.10993,	0.15547, 	0.11116, 	0.00000
0.37900,	0.11010,	0.15570, 	0.11131, 	0.00000
0.37950,	0.10960,	0.15500, 	0.11080, 	0.00000
0.38000,	0.10862,	0.15361, 	0.10980, 	0.00000
0.38050,	0.10876,	0.15381, 	0.10992, 	0.00000
0.38100,	0.10777,	0.15241, 	0.10892, 	0.00000
0.38150,	0.10901,	0.15417, 	0.11015, 	0.00000
0.38200,	0.10731,	0.15176, 	0.10843, 	0.00000
0.38250,	0.10728,	0.15171, 	0.10838, 	0.00000
0.38300,	0.10696,	0.15126, 	0.10805, 	0.00000
0.38350,	0.10646,	0.15056, 	0.10754, 	0.00000
0.38400,	0.10607,	0.15001, 	0.10713, 	0.00000
0.38450,	0.10577,	0.14958, 	0.10682, 	0.00000
0.38500,	0.10524,	0.14884, 	0.10628, 	0.00000
0.38550,	0.10537,	0.14901, 	0.10639, 	0.00000
0.38600,	0.10474,	0.14812, 	0.10575, 	0.00000
0.38650,	0.10407,	0.14718, 	0.10507, 	0.00000
0.38700,	0.10397,	0.14703, 	0.10495, 	0.00000
0.38750,	0.10287,	0.14548, 	0.10384, 	0.00000
0.38800,	0.10283,	0.14542, 	0.10378, 	0.00000
0.38850,	0.10229,	0.14466, 	0.10323, 	0.00000
0.38900,	0.10179,	0.14395, 	0.10272, 	0.00000
0.38950,	0.10100,	0.14284, 	0.10192, 	0.00000
0.39000,	0.10077,	0.14251, 	0.10167, 	0.00000
0.39050,	0.10071,	0.14243, 	0.10160, 	0.00000
0.39100,	0.10036,	0.14192, 	0.10124, 	0.00000
0.39150,	0.09961,	0.14087, 	0.10048, 	0.00000
0.39200,	0.09982,	0.14117, 	0.10068, 	0.00000
0.39250,	0.09913,	0.14019, 	0.09997, 	0.00000
0.39300,	0.09887,	0.13982, 	0.09970, 	0.00000
0.39350,	0.09769,	0.13816, 	0.09851, 	0.00000
0.39400,	0.09748,	0.13786, 	0.09829, 	0.00000
0.39450,	0.09747,	0.13785, 	0.09827, 	0.00000
0.39500,	0.09711,	0.13733, 	0.09789, 	0.00000
0.39550,	0.09673,	0.13680, 	0.09751, 	0.00000
0.39600,	0.09623,	0.13609, 	0.09699, 	0.00000
0.39650,	0.09593,	0.13566, 	0.09668, 	0.00000
0.39700,	0.09525,	0.13470, 	0.09599, 	0.00000
0.39750,	0.09493,	0.13426, 	0.09566, 	0.00000
0.39800,	0.09437,	0.13346, 	0.09509, 	0.00000
0.39850,	0.09448,	0.13362, 	0.09519, 	0.00000
0.39900,	0.09329,	0.13194, 	0.09399, 	0.00000
0.39950,	0.09313,	0.13170, 	0.09382, 	0.00000
0.40000,	0.09231,	0.13055, 	0.09299, 	0.00000
0.40050,	0.09231,	0.13055, 	0.09298, 	0.00000
0.40100,	0.09177,	0.12979, 	0.09243, 	0.00000
0.40150,	0.09134,	0.12918, 	0.09199, 	0.00000
0.40200,	0.09083,	0.12845, 	0.09147, 	0.00000
0.40250,	0.09054,	0.12804, 	0.09116, 	0.00000
0.40300,	0.09004,	0.12733, 	0.09065, 	0.00000
0.40350,	0.09001,	0.12730, 	0.09062, 	0.00000
0.40400,	0.08949,	0.12656, 	0.09009, 	0.00000
0.40450,	0.08891,	0.12574, 	0.08950, 	0.00000
0.40500,	0.08797,	0.12441, 	0.08855, 	0.00000
0.40550,	0.08827,	0.12483, 	0.08884, 	0.00000
0.40600,	0.08758,	0.12386, 	0.08814, 	0.00000
0.40650,	0.08706,	0.12313, 	0.08762, 	0.00000
0.40700,	0.08646,	0.12227, 	0.08700, 	0.00000
0.40750,	0.08661,	0.12248, 	0.08714, 	0.00000
0.40800,	0.08620,	0.12191, 	0.08673, 	0.00000
0.40850,	0.08576,	0.12129, 	0.08628, 	0.00000
0.40900,	0.08512,	0.12038, 	0.08563, 	0.00000
0.40950,	0.08466,	0.11973, 	0.08516, 	0.00000
0.41000,	0.08452,	0.11953, 	0.08501, 	0.00000
0.41050,	0.08366,	0.11831, 	0.08414, 	0.00000
0.41100,	0.08296,	0.11732, 	0.08344, 	0.00000
0.41150,	0.08290,	0.11724, 	0.08337, 	0.00000
0.41200,	0.08268,	0.11692, 	0.08314, 	0.00000
0.41250,	0.08176,	0.11563, 	0.08222, 	0.00000
0.41300,	0.08194,	0.11587, 	0.08238, 	0.00000
0.41350,	0.08124,	0.11489, 	0.08167, 	0.00000
0.41400,	0.08056,	0.11393, 	0.08099, 	0.00000
0.41450,	0.08084,	0.11433, 	0.08126, 	0.00000
0.41500,	0.07992,	0.11302, 	0.08033, 	0.00000
0.41550,	0.07977,	0.11282, 	0.08018, 	0.00000
0.41600,	0.07919,	0.11199, 	0.07958, 	0.00000
0.41650,	0.07875,	0.11137, 	0.07914, 	0.00000
0.41700,	0.07808,	0.11042, 	0.07846, 	0.00000
0.41750,	0.07780,	0.11003, 	0.07818, 	0.00000
0.41800,	0.07734,	0.10938, 	0.07771, 	0.00000
0.41850,	0.07704,	0.10895, 	0.07740, 	0.00000
0.41900,	0.07629,	0.10789, 	0.07665, 	0.00000
0.41950,	0.07590,	0.10734, 	0.07625, 	0.00000
0.42000,	0.07541,	0.10665, 	0.07576, 	0.00000
0.42050,	0.07475,	0.10572, 	0.07509, 	0.00000
0.42100,	0.07454,	0.10542, 	0.07488, 	0.00000
0.42150,	0.07410,	0.10479, 	0.07442, 	0.00000
0.42200,	0.07358,	0.10405, 	0.07390, 	0.00000
0.42250,	0.07345,	0.10387, 	0.07376, 	0.00000
0.42300,	0.07297,	0.10320, 	0.07328, 	0.00000
0.42350,	0.07243,	0.10243, 	0.07273, 	0.00000
0.42400,	0.07178,	0.10152, 	0.07208, 	0.00000
0.42450,	0.07150,	0.10112, 	0.07179, 	0.00000
0.42500,	0.07123,	0.10073, 	0.07151, 	0.00000
0.42550,	0.07042,	0.09958, 	0.07069, 	0.00000
0.42600,	0.07028,	0.09939, 	0.07055, 	0.00000
0.42650,	0.06981,	0.09873, 	0.07008, 	0.00000
0.42700,	0.06911,	0.09774, 	0.06937, 	0.00000
0.42750,	0.06892,	0.09747, 	0.06918, 	0.00000
0.42800,	0.06819,	0.09643, 	0.06844, 	0.00000
0.42850,	0.06803,	0.09621, 	0.06828, 	0.00000
0.42900,	0.06767,	0.09569, 	0.06791, 	0.00000
0.42950,	0.06706,	0.09484, 	0.06729, 	0.00000
0.43000,	0.06654,	0.09410, 	0.06677, 	0.00000
0.43050,	0.06611,	0.09349, 	0.06634, 	0.00000
0.43100,	0.06573,	0.09296, 	0.06595, 	0.00000
0.43150,	0.06513,	0.09211, 	0.06535, 	0.00000
0.43200,	0.06462,	0.09139, 	0.06483, 	0.00000
0.43250,	0.06432,	0.09097, 	0.06453, 	0.00000
0.43300,	0.06391,	0.09038, 	0.06411, 	0.00000
0.43350,	0.06354,	0.08986, 	0.06374, 	0.00000
0.43400,	0.06264,	0.08859, 	0.06283, 	0.00000
0.43450,	0.06261,	0.08854, 	0.06279, 	0.00000
0.43500,	0.06201,	0.08769, 	0.06219, 	0.00000
0.43550,	0.06166,	0.08719, 	0.06183, 	0.00000
0.43600,	0.06108,	0.08639, 	0.06126, 	0.00000
0.43650,	0.06051,	0.08557, 	0.06068, 	0.00000
0.43700,	0.06006,	0.08494, 	0.06023, 	0.00000
0.43750,	0.05959,	0.08428, 	0.05976, 	0.00000
0.43800,	0.05921,	0.08374, 	0.05937, 	0.00000
0.43850,	0.05887,	0.08325, 	0.05902, 	0.00000
0.43900,	0.05849,	0.08271, 	0.05864, 	0.00000
0.43950,	0.05790,	0.08189, 	0.05805, 	0.00000
0.44000,	0.05759,	0.08144, 	0.05773, 	0.00000
0.44050,	0.05681,	0.08034, 	0.05695, 	0.00000
0.44100,	0.05645,	0.07984, 	0.05659, 	0.00000
0.44150,	0.05600,	0.07919, 	0.05613, 	0.00000
0.44200,	0.05551,	0.07850, 	0.05564, 	0.00000
0.44250,	0.05515,	0.07800, 	0.05528, 	0.00000
0.44300,	0.05473,	0.07740, 	0.05485, 	0.00000
0.44350,	0.05418,	0.07662, 	0.05430, 	0.00000
0.44400,	0.05368,	0.07592, 	0.05380, 	0.00000
0.44450,	0.05301,	0.07497, 	0.05313, 	0.00000
0.44500,	0.05279,	0.07465, 	0.05290, 	0.00000
0.44550,	0.05225,	0.07389, 	0.05236, 	0.00000
0.44600,	0.05174,	0.07317, 	0.05185, 	0.00000
0.44650,	0.05138,	0.07267, 	0.05149, 	0.00000
0.44700,	0.05070,	0.07169, 	0.05079, 	0.00000
0.44750,	0.05045,	0.07135, 	0.05055, 	0.00000
0.44800,	0.04997,	0.07067, 	0.05006, 	0.00000
0.44850,	0.04957,	0.07010, 	0.04966, 	0.00000
0.44900,	0.04920,	0.06958, 	0.04929, 	0.00000
0.44950,	0.04864,	0.06878, 	0.04872, 	0.00000
0.45000,	0.04815,	0.06810, 	0.04824, 	0.00000
0.45050,	0.04756,	0.06726, 	0.04764, 	0.00000
0.45100,	0.04734,	0.06695, 	0.04742, 	0.00000
0.45150,	0.04682,	0.06621, 	0.04690, 	0.00000
0.45200,	0.04636,	0.06556, 	0.04643, 	0.00000
0.45250,	0.04573,	0.06467, 	0.04580, 	0.00000
0.45300,	0.04527,	0.06403, 	0.04534, 	0.00000
0.45350,	0.04490,	0.06350, 	0.04497, 	0.00000
0.45400,	0.04438,	0.06276, 	0.04444, 	0.00000
0.45450,	0.04394,	0.06214, 	0.04400, 	0.00000
0.45500,	0.04350,	0.06152, 	0.04356, 	0.00000
0.45550,	0.04281,	0.06054, 	0.04286, 	0.00000
0.45600,	0.04249,	0.06010, 	0.04255, 	0.00000
0.45650,	0.04199,	0.05938, 	0.04205, 	0.00000
0.45700,	0.04145,	0.05862, 	0.04150, 	0.00000
0.45750,	0.04117,	0.05822, 	0.04122, 	0.00000
0.45800,	0.04056,	0.05737, 	0.04061, 	0.00000
0.45850,	0.04003,	0.05662, 	0.04008, 	0.00000
0.45900,	0.03982,	0.05632, 	0.03987, 	0.00000
0.45950,	0.03904,	0.05521, 	0.03908, 	0.00000
0.46000,	0.03874,	0.05478, 	0.03878, 	0.00000
0.46050,	0.03828,	0.05414, 	0.03832, 	0.00000
0.46100,	0.03777,	0.05341, 	0.03781, 	0.00000
0.46150,	0.03732,	0.05278, 	0.03736, 	0.00000
0.46200,	0.03670,	0.05191, 	0.03674, 	0.00000
0.46250,	0.03632,	0.05136, 	0.03635, 	0.00000
0.46300,	0.03587,	0.05073, 	0.03590, 	0.00000
0.46350,	0.03536,	0.05000, 	0.03539, 	0.00000
0.46400,	0.03484,	0.04927, 	0.03487, 	0.00000
0.46450,	0.03437,	0.04861, 	0.03440, 	0.00000
0.46500,	0.03394,	0.04799, 	0.03397, 	0.00000
0.46550,	0.03339,	0.04721, 	0.03341, 	0.00000
0.46600,	0.03288,	0.04650, 	0.03290, 	0.00000
0.46650,	0.03255,	0.04603, 	0.03257, 	0.00000
0.46700,	0.03203,	0.04530, 	0.03206, 	0.00000
0.46750,	0.03151,	0.04456, 	0.03153, 	0.00000
0.46800,	0.03101,	0.04385, 	0.03103, 	0.00000
0.46850,	0.03065,	0.04335, 	0.03067, 	0.00000
0.46900,	0.03008,	0.04254, 	0.03010, 	0.00000
0.46950,	0.02960,	0.04187, 	0.02962, 	0.00000
0.47000,	0.02916,	0.04124, 	0.02918, 	0.00000
0.47050,	0.02866,	0.04053, 	0.02868, 	0.00000
0.47100,	0.02808,	0.03971, 	0.02810, 	0.00000
0.47150,	0.02768,	0.03914, 	0.02769, 	0.00000
0.47200,	0.02717,	0.03842, 	0.02718, 	0.00000
0.47250,	0.02676,	0.03785, 	0.02678, 	0.00000
0.47300,	0.02638,	0.03730, 	0.02639, 	0.00000
0.47350,	0.02575,	0.03641, 	0.02576, 	0.00000
0.47400,	0.02525,	0.03571, 	0.02526, 	0.00000
0.47450,	0.02483,	0.03512, 	0.02484, 	0.00000
0.47500,	0.02434,	0.03442, 	0.02435, 	0.00000
0.47550,	0.02381,	0.03368, 	0.02382, 	0.00000
0.47600,	0.02331,	0.03296, 	0.02331, 	0.00000
0.47650,	0.02280,	0.03224, 	0.02280, 	0.00000
0.47700,	0.02242,	0.03171, 	0.02243, 	0.00000
0.47750,	0.02188,	0.03095, 	0.02189, 	0.00000
0.47800,	0.02130,	0.03013, 	0.02131, 	0.00000
0.47850,	0.02095,	0.02963, 	0.02096, 	0.00000
0.47900,	0.02047,	0.02895, 	0.02047, 	0.00000
0.47950,	0.02004,	0.02835, 	0.02005, 	0.00000
0.48000,	0.01949,	0.02756, 	0.01949, 	0.00000
0.48050,	0.01901,	0.02689, 	0.01902, 	0.00000
0.48100,	0.01859,	0.02629, 	0.01859, 	0.00000
0.48150,	0.01808,	0.02557, 	0.01808, 	0.00000
0.48200,	0.01761,	0.02490, 	0.01761, 	0.00000
0.48250,	0.01718,	0.02430, 	0.01718, 	0.00000
0.48300,	0.01657,	0.02344, 	0.01657, 	0.00000
0.48350,	0.01610,	0.02277, 	0.01611, 	0.00000
0.48400,	0.01565,	0.02214, 	0.01565, 	0.00000
0.48450,	0.01517,	0.02146, 	0.01518, 	0.00000
0.48500,	0.01460,	0.02065, 	0.01460, 	0.00000
0.48550,	0.01420,	0.02008, 	0.01420, 	0.00000
0.48600,	0.01371,	0.01938, 	0.01371, 	0.00000
0.48650,	0.01330,	0.01880, 	0.01330, 	0.00000
0.48700,	0.01265,	0.01789, 	0.01265, 	0.00000
0.48750,	0.01228,	0.01737, 	0.01228, 	0.00000
0.48800,	0.01175,	0.01662, 	0.01175, 	0.00000
0.48850,	0.01121,	0.01585, 	0.01121, 	0.00000
0.48900,	0.01079,	0.01526, 	0.01079, 	0.00000
0.48950,	0.01034,	0.01462, 	0.01034, 	0.00000
0.49000,	0.00985,	0.01393, 	0.00985, 	0.00000
0.49050,	0.00936,	0.01324, 	0.00937, 	0.00000
0.49100,	0.00881,	0.01247, 	0.00881, 	0.00000
0.49150,	0.00844,	0.01193, 	0.00844, 	0.00000
0.49200,	0.00790,	0.01118, 	0.00790, 	0.00000
0.49250,	0.00747,	0.01057, 	0.00747, 	0.00000
0.49300,	0.00695,	0.00982, 	0.00695, 	0.00000
0.49350,	0.00649,	0.00918, 	0.00649, 	0.00000
0.49400,	0.00600,	0.00849, 	0.00600, 	0.00000
0.49450,	0.00556,	0.00786, 	0.00556, 	0.00000
0.49500,	0.00513,	0.00725, 	0.00513, 	0.00000
0.49550,	0.00458,	0.00647, 	0.00458, 	0.00000
0.49600,	0.00411,	0.00581, 	0.00411, 	0.00000
0.49650,	0.00357,	0.00505, 	0.00357, 	0.00000
0.49700,	0.00311,	0.00439, 	0.00311, 	0.00000
0.49750,	0.00277,	0.00392, 	0.00277, 	0.00000
0.49800,	0.00236,	0.00334, 	0.00236, 	0.00000
0.49850,	0.00202,	0.00286, 	0.00202, 	0.00000
0.49900,	0.00167,	0.00237, 	0.00167, 	0.00000
0.49950,	0.00132,	0.00187, 	0.00132, 	0.00000
0.50000,	0.00122,	0.00172, 	0.00122, 	0.00000
0.50050,	0.00136,	0.00192, 	0.00136, 	0.00000
0.50100,	0.00162,	0.00229, 	0.00162, 	0.00000
0.50150,	0.00198,	0.00280, 	0.00198, 	0.00000
0.50200,	0.00231,	0.00326, 	0.00231, 	0.00000
0.50250,	0.00280,	0.00395, 	0.00280, 	0.00000
0.50300,	0.00321,	0.00455, 	0.00321, 	0.00000
0.50350,	0.00366,	0.00517, 	0.00366, 	0.00000
0.50400,	0.00407,	0.00576, 	0.00407, 	0.00000
0.50450,	0.00459,	0.00649, 	0.00459, 	0.00000
0.50500,	0.00511,	0.00722, 	0.00511, 	0.00000
0.50550,	0.00554,	0.00784, 	0.00554, 	0.00000
0.50600,	0.00599,	0.00847, 	0.00599, 	0.00000
0.50650,	0.00650,	0.00920, 	0.00650, 	0.00000
0.50700,	0.00698,	0.00988, 	0.00698, 	0.00000
0.50750,	0.00742,	0.01049, 	0.00742, 	0.00000
0.50800,	0.00795,	0.01124, 	0.00795, 	0.00000
0.50850,	0.00831,	0.01175, 	0.00831, 	0.00000
0.50900,	0.00895,	0.01266, 	0.00895, 	0.00000
0.50950,	0.00930,	0.01316, 	0.00931, 	0.00000
0.51000,	0.00988,	0.01398, 	0.00988, 	0.00000
0.51050,	0.01033,	0.01461, 	0.01033, 	0.00000
0.51100,	0.01080,	0.01527, 	0.01080, 	0.00000
0.51150,	0.01128,	0.01596, 	0.01128, 	0.00000
0.51200,	0.01172,	0.01657, 	0.01172, 	0.00000
0.51250,	0.01227,	0.01735, 	0.01227, 	0.00000
0.51300,	0.01273,	0.01800, 	0.01273, 	0.00000
0.51350,	0.01324,	0.01873, 	0.01325, 	0.00000
0.51400,	0.01370,	0.01937, 	0.01370, 	0.00000
0.51450,	0.01421,	0.02009, 	0.01421, 	0.00000
0.51500,	0.01475,	0.02086, 	0.01475, 	0.00000
0.51550,	0.01512,	0.02139, 	0.01512, 	0.00000
0.51600,	0.01563,	0.02210, 	0.01563, 	0.00000
0.51650,	0.01606,	0.02271, 	0.01606, 	0.00000
0.51700,	0.01662,	0.02351, 	0.01663, 	0.00000
0.51750,	0.01708,	0.02416, 	0.01709, 	0.00000
0.51800,	0.01754,	0.02481, 	0.01754, 	0.00000
0.51850,	0.01799,	0.02544, 	0.01799, 	0.00000
0.51900,	0.01851,	0.02618, 	0.01851, 	0.00000
0.51950,	0.01900,	0.02687, 	0.01900, 	0.00000
0.52000,	0.01944,	0.02749, 	0.01944, 	0.00000
0.52050,	0.01997,	0.02824, 	0.01998, 	0.00000
0.52100,	0.02038,	0.02882, 	0.02038, 	0.00000
0.52150,	0.02097,	0.02966, 	0.02098, 	0.00000
0.52200,	0.02146,	0.03035, 	0.02147, 	0.00000
0.52250,	0.02198,	0.03108, 	0.02199, 	0.00000
0.52300,	0.02233,	0.03157, 	0.02233, 	0.00000
0.52350,	0.02293,	0.03242, 	0.02293, 	0.00000
0.52400,	0.02336,	0.03304, 	0.02337, 	0.00000
0.52450,	0.02390,	0.03380, 	0.02391, 	0.00000
0.52500,	0.02429,	0.03435, 	0.02430, 	0.00000
0.52550,	0.02485,	0.03514, 	0.02486, 	0.00000
0.52600,	0.02526,	0.03572, 	0.02527, 	0.00000
0.52650,	0.02580,	0.03648, 	0.02581, 	0.00000
0.52700,	0.02622,	0.03708, 	0.02623, 	0.00000
0.52750,	0.02679,	0.03788, 	0.02680, 	0.00000
0.52800,	0.02718,	0.03844, 	0.02719, 	0.00000
0.52850,	0.02773,	0.03922, 	0.02774, 	0.00000
0.52900,	0.02819,	0.03987, 	0.02821, 	0.00000
0.52950,	0.02859,	0.04044, 	0.02861, 	0.00000
0.53000,	0.02908,	0.04112, 	0.02910, 	0.00000
0.53050,	0.02964,	0.04191, 	0.02965, 	0.00000
0.53100,	0.03016,	0.04266, 	0.03018, 	0.00000
0.53150,	0.03063,	0.04332, 	0.03065, 	0.00000
0.53200,	0.03102,	0.04387, 	0.03104, 	0.00000
0.53250,	0.03151,	0.04456, 	0.03153, 	0.00000
0.53300,	0.03202,	0.04528, 	0.03204, 	0.00000
0.53350,	0.03244,	0.04588, 	0.03246, 	0.00000
0.53400,	0.03278,	0.04636, 	0.03281, 	0.00000
0.53450,	0.03339,	0.04722, 	0.03342, 	0.00000
0.53500,	0.03396,	0.04802, 	0.03399, 	0.00000
0.53550,	0.03446,	0.04874, 	0.03449, 	0.00000
0.53600,	0.03493,	0.04940, 	0.03496, 	0.00000
0.53650,	0.03534,	0.04998, 	0.03538, 	0.00000
0.53700,	0.03580,	0.05062, 	0.03583, 	0.00000
0.53750,	0.03632,	0.05136, 	0.03635, 	0.00000
0.53800,	0.03665,	0.05183, 	0.03668, 	0.00000
0.53850,	0.03727,	0.05271, 	0.03731, 	0.00000
0.53900,	0.03772,	0.05334, 	0.03775, 	0.00000
0.53950,	0.03813,	0.05392, 	0.03817, 	0.00000
0.54000,	0.03868,	0.05470, 	0.03872, 	0.00000
0.54050,	0.03914,	0.05535, 	0.03918, 	0.00000
0.54100,	0.03972,	0.05617, 	0.03976, 	0.00000
0.54150,	0.04011,	0.05673, 	0.04016, 	0.00000
0.54200,	0.04045,	0.05720, 	0.04050, 	0.00000
0.54250,	0.04097,	0.05793, 	0.04102, 	0.00000
0.54300,	0.04154,	0.05874, 	0.04159, 	0.00000
0.54350,	0.04205,	0.05946, 	0.04210, 	0.00000
0.54400,	0.04253,	0.06015, 	0.04259, 	0.00000
0.54450,	0.04296,	0.06076, 	0.04302, 	0.00000
0.54500,	0.04344,	0.06143, 	0.04350, 	0.00000
0.54550,	0.04376,	0.06188, 	0.04382, 	0.00000
0.54600,	0.04433,	0.06269, 	0.04439, 	0.00000
0.54650,	0.04488,	0.06346, 	0.04494, 	0.00000
0.54700,	0.04534,	0.06412, 	0.04541, 	0.00000
0.54750,	0.04571,	0.06464, 	0.04578, 	0.00000
0.54800,	0.04636,	0.06556, 	0.04643, 	0.00000
0.54850,	0.04684,	0.06625, 	0.04692, 	0.00000
0.54900,	0.04721,	0.06676, 	0.04729, 	0.00000
0.54950,	0.04755,	0.06725, 	0.04763, 	0.00000
0.55000,	0.04817,	0.06813, 	0.04826, 	0.00000
0.55050,	0.04863,	0.06878, 	0.04872, 	0.00000
0.55100,	0.04906,	0.06938, 	0.04914, 	0.00000
0.55150,	0.04961,	0.07016, 	0.04970, 	0.00000
0.55200,	0.04994,	0.07062, 	0.05003, 	0.00000
0.55250,	0.05055,	0.07149, 	0.05065, 	0.00000
0.55300,	0.05088,	0.07196, 	0.05098, 	0.00000
0.55350,	0.05132,	0.07258, 	0.05142, 	0.00000
0.55400,	0.05175,	0.07318, 	0.05185, 	0.00000
0.55450,	0.05243,	0.07414, 	0.05253, 	0.00000
0.55500,	0.05264,	0.07444, 	0.05275, 	0.00000
0.55550,	0.05339,	0.07550, 	0.05350, 	0.00000
0.55600,	0.05372,	0.07597, 	0.05383, 	0.00000
0.55650,	0.05421,	0.07666, 	0.05433, 	0.00000
0.55700,	0.05451,	0.07708, 	0.05463, 	0.00000
0.55750,	0.05509,	0.07791, 	0.05522, 	0.00000
0.55800,	0.05565,	0.07870, 	0.05578, 	0.00000
0.55850,	0.05611,	0.07935, 	0.05625, 	0.00000
0.55900,	0.05656,	0.07999, 	0.05670, 	0.00000
0.55950,	0.05708,	0.08072, 	0.05722, 	0.00000
0.56000,	0.05747,	0.08127, 	0.05761, 	0.00000
0.56050,	0.05779,	0.08172, 	0.05793, 	0.00000
0.56100,	0.05844,	0.08265, 	0.05859, 	0.00000
0.56150,	0.05899,	0.08343, 	0.05915, 	0.00000
0.56200,	0.05937,	0.08396, 	0.05953, 	0.00000
0.56250,	0.05982,	0.08459, 	0.05998, 	0.00000
0.56300,	0.06015,	0.08506, 	0.06032, 	0.00000
0.56350,	0.06082,	0.08601, 	0.06099, 	0.00000
0.56400,	0.06089,	0.08611, 	0.06106, 	0.00000
0.56450,	0.06156,	0.08706, 	0.06174, 	0.00000
0.56500,	0.06197,	0.08763, 	0.06215, 	0.00000
0.56550,	0.06268,	0.08864, 	0.06286, 	0.00000
0.56600,	0.06289,	0.08894, 	0.06308, 	0.00000
0.56650,	0.06344,	0.08972, 	0.06364, 	0.00000
0.56700,	0.06387,	0.09032, 	0.06407, 	0.00000
0.56750,	0.06419,	0.09078, 	0.06440, 	0.00000
0.56800,	0.06455,	0.09129, 	0.06476, 	0.00000
0.56850,	0.06515,	0.09213, 	0.06536, 	0.00000
0.56900,	0.06556,	0.09271, 	0.06578, 	0.00000
0.56950,	0.06615,	0.09356, 	0.06638, 	0.00000
0.57000,	0.06661,	0.09420, 	0.06684, 	0.00000
0.57050,	0.06710,	0.09490, 	0.06734, 	0.00000
0.57100,	0.06754,	0.09551, 	0.06778, 	0.00000
0.57150,	0.06821,	0.09646, 	0.06845, 	0.00000
0.57200,	0.06828,	0.09656, 	0.06853, 	0.00000
0.57250,	0.06868,	0.09713, 	0.06894, 	0.00000
0.57300,	0.06932,	0.09803, 	0.06958, 	0.00000
0.57350,	0.06950,	0.09828, 	0.06976, 	0.00000
0.57400,	0.07032,	0.09945, 	0.07059, 	0.00000
0.57450,	0.07060,	0.09984, 	0.07088, 	0.00000
0.57500,	0.07097,	0.10037, 	0.07126, 	0.00000
0.57550,	0.07122,	0.10073, 	0.07151, 	0.00000
0.57600,	0.07190,	0.10168, 	0.07219, 	0.00000
0.57650,	0.07244,	0.10245, 	0.07274, 	0.00000
0.57700,	0.07282,	0.10298, 	0.07312, 	0.00000
0.57750,	0.07336,	0.10375, 	0.07367, 	0.00000
0.57800,	0.07359,	0.10407, 	0.07390, 	0.00000
0.57850,	0.07420,	0.10493, 	0.07452, 	0.00000
0.57900,	0.07485,	0.10586, 	0.07518, 	0.00000
0.57950,	0.07519,	0.10634, 	0.07553, 	0.00000
0.58000,	0.07544,	0.10669, 	0.07579, 	0.00000
0.58050,	0.07600,	0.10748, 	0.07635, 	0.00000
0.58100,	0.07673,	0.10852, 	0.07709, 	0.00000
0.58150,	0.07730,	0.10932, 	0.07767, 	0.00000
0.58200,	0.07716,	0.10912, 	0.07753, 	0.00000
0.58250,	0.07779,	0.11001, 	0.07817, 	0.00000
0.58300,	0.07816,	0.11053, 	0.07854, 	0.00000
0.58350,	0.07865,	0.11122, 	0.07904, 	0.00000
0.58400,	0.07892,	0.11162, 	0.07932, 	0.00000
0.58450,	0.07947,	0.11239, 	0.07988, 	0.00000
0.58500,	0.07979,	0.11284, 	0.08020, 	0.00000
0.58550,	0.08030,	0.11357, 	0.08072, 	0.00000
0.58600,	0.08072,	0.11416, 	0.08115, 	0.00000
0.58650,	0.08093,	0.11446, 	0.08137, 	0.00000
0.58700,	0.08147,	0.11522, 	0.08192, 	0.00000
0.58750,	0.08191,	0.11583, 	0.08236, 	0.00000
0.58800,	0.08248,	0.11664, 	0.08293, 	0.00000
0.58850,	0.08313,	0.11756, 	0.08359, 	0.00000
0.58900,	0.08371,	0.11839, 	0.08419, 	0.00000
0.58950,	0.08409,	0.11892, 	0.08457, 	0.00000
0.59000,	0.08428,	0.11919, 	0.08477, 	0.00000
0.59050,	0.08437,	0.11932, 	0.08487, 	0.00000
0.59100,	0.08534,	0.12068, 	0.08584, 	0.00000
0.59150,	0.08570,	0.12119, 	0.08621, 	0.00000
0.59200,	0.08587,	0.12143, 	0.08639, 	0.00000
0.59250,	0.08671,	0.12263, 	0.08724, 	0.00000
0.59300,	0.08694,	0.12296, 	0.08749, 	0.00000
0.59350,	0.08772,	0.12405, 	0.08827, 	0.00000
0.59400,	0.08765,	0.12396, 	0.08821, 	0.00000
0.59450,	0.08848,	0.12512, 	0.08905, 	0.00000
0.59500,	0.08854,	0.12521, 	0.08912, 	0.00000
0.59550,	0.08902,	0.12590, 	0.08961, 	0.00000
0.59600,	0.08924,	0.12621, 	0.08984, 	0.00000
0.59650,	0.08969,	0.12684, 	0.09030, 	0.00000
0.59700,	0.09021,	0.12758, 	0.09083, 	0.00000
0.59750,	0.09062,	0.12816, 	0.09125, 	0.00000
0.59800,	0.09103,	0.12874, 	0.09167, 	0.00000
0.59850,	0.09132,	0.12915, 	0.09197, 	0.00000
0.59900,	0.09207,	0.13021, 	0.09273, 	0.00000
0.59950,	0.09249,	0.13079, 	0.09315, 	0.00000
0.60000,	0.09289,	0.13136, 	0.09356, 	0.00000
0.60050,	0.09308,	0.13164, 	0.09377, 	0.00000
0.60100,	0.09360,	0.13238, 	0.09430, 	0.00000
0.60150,	0.09422,	0.13325, 	0.09493, 	0.00000
0.60200,	0.09440,	0.13350, 	0.09512, 	0.00000
0.60250,	0.09501,	0.13436, 	0.09574, 	0.00000
0.60300,	0.09539,	0.13491, 	0.09613, 	0.00000
0.60350,	0.09516,	0.13458, 	0.09591, 	0.00000
0.60400,	0.09620,	0.13605, 	0.09696, 	0.00000
0.60450,	0.09609,	0.13589, 	0.09686, 	0.00000
0.60500,	0.09714,	0.13738, 	0.09792, 	0.00000
0.60550,	0.09718,	0.13743, 	0.09797, 	0.00000
0.60600,	0.09771,	0.13819, 	0.09852, 	0.00000
0.60650,	0.09825,	0.13895, 	0.09907, 	0.00000
0.60700,	0.09856,	0.13939, 	0.09939, 	0.00000
0.60750,	0.09974,	0.14105, 	0.10058, 	0.00000
0.60800,	0.09945,	0.14064, 	0.10030, 	0.00000
0.60850,	0.09977,	0.14109, 	0.10063, 	0.00000
0.60900,	0.10030,	0.14184, 	0.10117, 	0.00000
0.60950,	0.10051,	0.14214, 	0.10140, 	0.00000
0.61000,	0.10130,	0.14326, 	0.10221, 	0.00000
0.61050,	0.10158,	0.14366, 	0.10250, 	0.00000
0.61100,	0.10174,	0.14389, 	0.10267, 	0.00000
0.61150,	0.10277,	0.14534, 	0.10371, 	0.00000
0.61200,	0.10325,	0.14602, 	0.10421, 	0.00000
0.61250,	0.10249,	0.14495, 	0.10346, 	0.00000
0.61300,	0.10357,	0.14646, 	0.10455, 	0.00000
0.61350,	0.10402,	0.14711, 	0.10502, 	0.00000
0.61400,	0.10406,	0.14716, 	0.10507, 	0.00000
0.61450,	0.10469,	0.14805, 	0.10571, 	0.00000
0.61500,	0.10507,	0.14860, 	0.10611, 	0.00000
0.61550,	0.10542,	0.14909, 	0.10647, 	0.00000
0.61600,	0.10568,	0.14945, 	0.10674, 	0.00000
0.61650,	0.10612,	0.15008, 	0.10720, 	0.00000
0.61700,	0.10696,	0.15127, 	0.10806, 	0.00000
0.61750,	0.10753,	0.15207, 	0.10863, 	0.00000
0.61800,	0.10696,	0.15126, 	0.10807, 	0.00000
0.61850,	0.10755,	0.15210, 	0.10868, 	0.00000
0.61900,	0.10818,	0.15299, 	0.10933, 	0.00000
0.61950,	0.10898,	0.15412, 	0.11015, 	0.00000
0.62000,	0.10873,	0.15376, 	0.10991, 	0.00000
0.62050,	0.10992,	0.15544, 	0.11111, 	0.00000
0.62100,	0.10999,	0.15556, 	0.11120, 	0.00000
0.62150,	0.11038,	0.15611, 	0.11161, 	0.00000
0.62200,	0.11090,	0.15684, 	0.11214, 	0.00000
0.62250,	0.11112,	0.15715, 	0.11238, 	0.00000
0.62300,	0.11136,	0.15749, 	0.11263, 	0.00000
0.62350,	0.11178,	0.15808, 	0.11307, 	0.00000
0.62400,	0.11183,	0.15815, 	0.11313, 	0.00000
0.62450,	0.11231,	0.15883, 	0.11363, 	0.00000
0.62500,	0.11345,	0.16045, 	0.11479, 	0.00000
0.62550,	0.11350,	0.16051, 	0.11485, 	0.00000
0.62600,	0.11330,	0.16022, 	0.11466, 	0.00000
0.62650,	0.11430,	0.16165, 	0.11569, 	0.00000
0.62700,	0.11443,	0.16183, 	0.11583, 	0.00000
0.62750,	0.11529,	0.16305, 	0.11671, 	0.00000
0.62800,	0.11510,	0.16278, 	0.11653, 	0.00000
0.62850,	0.11578,	0.16374, 	0.11723, 	0.00000
0.62900,	0.11601,	0.16406, 	0.11748, 	0.00000
0.62950,	0.11627,	0.16443, 	0.11776, 	0.00000
0.63000,	0.11712,	0.16563, 	0.11862, 	0.00000
0.63050,	0.11721,	0.16576, 	0.11873, 	0.00000
0.63100,	0.11751,	0.16618, 	0.11905, 	0.00000
0.63150,	0.11837,	0.16740, 	0.11993, 	0.00000
0.63200,	0.11808,	0.16699, 	0.11965, 	0.00000
0.63250,	0.11846,	0.16753, 	0.12006, 	0.00000
0.63300,	0.11879,	0.16799, 	0.12040, 	0.00000
0.63350,	0.11950,	0.16900, 	0.12113, 	0.00000
0.63400,	0.11937,	0.16881, 	0.12102, 	0.00000
0.63450,	0.12011,	0.16986, 	0.12178, 	0.00000
0.63500,	0.12064,	0.17061, 	0.12233, 	0.00000
0.63550,	0.12136,	0.17163, 	0.12307, 	0.00000
0.63600,	0.12145,	0.17176, 	0.12318, 	0.00000
0.63650,	0.12139,	0.17167, 	0.12314, 	0.00000
0.63700,	0.12228,	0.17293, 	0.12404, 	0.00000
0.63750,	0.12248,	0.17321, 	0.12426, 	0.00000
0.63800,	0.12284,	0.17372, 	0.12464, 	0.00000
0.63850,	0.12247,	0.17321, 	0.12430, 	0.00000
0.63900,	0.12286,	0.17374, 	0.12470, 	0.00000
0.63950,	0.12348,	0.17463, 	0.12535, 	0.00000
0.64000,	0.12428,	0.17576, 	0.12617, 	0.00000
0.64050,	0.12420,	0.17564, 	0.12610, 	0.00000
0.64100,	0.12531,	0.17722, 	0.12724, 	0.00000
0.64150,	0.12511,	0.17694, 	0.12706, 	0.00000
0.64200,	0.12612,	0.17836, 	0.12809, 	0.00000
0.64250,	0.12633,	0.17866, 	0.12833, 	0.00000
0.64300,	0.12582,	0.17794, 	0.12783, 	0.00000
0.64350,	0.12679,	0.17930, 	0.12882, 	0.00000
0.64400,	0.12711,	0.17977, 	0.12917, 	0.00000
0.64450,	0.12677,	0.17927, 	0.12884, 	0.00000
0.64500,	0.12672,	0.17921, 	0.12882, 	0.00000
0.64550,	0.12774,	0.18064, 	0.12986, 	0.00000
0.64600,	0.12790,	0.18087, 	0.13004, 	0.00000
0.64650,	0.12869,	0.18199, 	0.13086, 	0.00000
0.64700,	0.12908,	0.18255, 	0.13127, 	0.00000
0.64750,	0.12949,	0.18313, 	0.13170, 	0.00000
0.64800,	0.13050,	0.18456, 	0.13274, 	0.00000
0.64850,	0.13038,	0.18438, 	0.13264, 	0.00000
0.64900,	0.13025,	0.18420, 	0.13254, 	0.00000
0.64950,	0.13192,	0.18656, 	0.13423, 	0.00000
0.65000,	0.13102,	0.18529, 	0.13335, 	0.00000
0.65050,	0.13178,	0.18637, 	0.13414, 	0.00000
0.65100,	0.13225,	0.18703, 	0.13463, 	0.00000
0.65150,	0.13314,	0.18829, 	0.13555, 	0.00000
0.65200,	0.13256,	0.18747, 	0.13499, 	0.00000
0.65250,	0.13309,	0.18822, 	0.13555, 	0.00000
0.65300,	0.13391,	0.18938, 	0.13639, 	0.00000
0.65350,	0.13406,	0.18960, 	0.13657, 	0.00000
0.65400,	0.13411,	0.18966, 	0.13664, 	0.00000
0.65450,	0.13528,	0.19132, 	0.13784, 	0.00000
0.65500,	0.13377,	0.18918, 	0.13635, 	0.00000
0.65550,	0.13477,	0.19059, 	0.13738, 	0.00000
0.65600,	0.13543,	0.19153, 	0.13806, 	0.00000
0.65650,	0.13571,	0.19193, 	0.13837, 	0.00000
0.65700,	0.13661,	0.19320, 	0.13930, 	0.00000
0.65750,	0.13632,	0.19278, 	0.13903, 	0.00000
0.65800,	0.13701,	0.19376, 	0.13975, 	0.00000
0.65850,	0.13694,	0.19367, 	0.13971, 	0.00000
0.65900,	0.13741,	0.19433, 	0.14020, 	0.00000
0.65950,	0.13800,	0.19516, 	0.14081, 	0.00000
0.66000,	0.13815,	0.19537, 	0.14099, 	0.00000
0.66050,	0.13821,	0.19545, 	0.14108, 	0.00000
0.66100,	0.13929,	0.19698, 	0.14219, 	0.00000
0.66150,	0.13955,	0.19736, 	0.14248, 	0.00000
0.66200,	0.13858,	0.19598, 	0.14154, 	0.00000
0.66250,	0.14011,	0.19815, 	0.14310, 	0.00000
0.66300,	0.14079,	0.19911, 	0.14381, 	0.00000
0.66350,	0.14142,	0.20000, 	0.14446, 	0.00000
0.66400,	0.13929,	0.19699, 	0.14236, 	0.00000
0.66450,	0.13998,	0.19796, 	0.14308, 	0.00000
0.66500,	0.14084,	0.19918, 	0.14397, 	0.00000
0.66550,	0.14231,	0.20125, 	0.14546, 	0.00000
0.66600,	0.14205,	0.20088, 	0.14523, 	0.00000
0.66650,	0.14278,	0.20192, 	0.14599, 	0.00000
0.66700,	0.14200,	0.20082, 	0.14525, 	0.00000
0.66750,	0.14225,	0.20117, 	0.14552, 	0.00000
0.66800,	0.14346,	0.20289, 	0.14677, 	0.00000
0.66850,	0.14383,	0.20341, 	0.14717, 	0.00000
0.66900,	0.14394,	0.20356, 	0.14731, 	0.00000
0.66950,	0.14357,	0.20304, 	0.14697, 	0.00000
0.67000,	0.14436,	0.20415, 	0.14778, 	0.00000
0.67050,	0.14494,	0.20497, 	0.14840, 	0.00000
0.67100,	0.14479,	0.20476, 	0.14828, 	0.00000
0.67150,	0.14503,	0.20510, 	0.14855, 	0.00000
0.67200,	0.14531,	0.20550, 	0.14886, 	0.00000
0.67250,	0.14583,	0.20624, 	0.14942, 	0.00000
0.67300,	0.14628,	0.20687, 	0.14990, 	0.00000
0.67350,	0.14721,	0.20818, 	0.15086, 	0.00000
0.67400,	0.14626,	0.20684, 	0.14994, 	0.00000
0.67450,	0.14697,	0.20785, 	0.15069, 	0.00000
0.67500,	0.14794,	0.20922, 	0.15169, 	0.00000
0.67550,	0.14703,	0.20793, 	0.15081, 	0.00000
0.67600,	0.14807,	0.20940, 	0.15188, 	0.00000
0.67650,	0.14770,	0.20888, 	0.15155, 	0.00000
0.67700,	0.14885,	0.21050, 	0.15273, 	0.00000
0.67750,	0.14969,	0.21170, 	0.15362, 	0.00000
0.67800,	0.14922,	0.21103, 	0.15317, 	0.00000
0.67850,	0.14971,	0.21172, 	0.15370, 	0.00000
0.67900,	0.14991,	0.21200, 	0.15393, 	0.00000
0.67950,	0.15106,	0.21363, 	0.15512, 	0.00000
0.68000,	0.15005,	0.21221, 	0.15414, 	0.00000
0.68050,	0.15177,	0.21464, 	0.15590, 	0.00000
0.68100,	0.14992,	0.21202, 	0.15408, 	0.00000
0.68150,	0.15138,	0.21409, 	0.15558, 	0.00000
0.68200,	0.15177,	0.21464, 	0.15601, 	0.00000
0.68250,	0.15071,	0.21313, 	0.15498, 	0.00000
0.68300,	0.15245,	0.21560, 	0.15676, 	0.00000
0.68350,	0.15215,	0.21517, 	0.15649, 	0.00000
0.68400,	0.15423,	0.21812, 	0.15862, 	0.00000
0.68450,	0.15389,	0.21763, 	0.15831, 	0.00000
0.68500,	0.15273,	0.21599, 	0.15718, 	0.00000
0.68550,	0.15351,	0.21710, 	0.15800, 	0.00000
0.68600,	0.15376,	0.21745, 	0.15828, 	0.00000
0.68650,	0.15309,	0.21650, 	0.15765, 	0.00000
0.68700,	0.15434,	0.21826, 	0.15894, 	0.00000
0.68750,	0.15468,	0.21875, 	0.15933, 	0.00000
0.68800,	0.15421,	0.21808, 	0.15889, 	0.00000
0.68850,	0.15405,	0.21785, 	0.15876, 	0.00000
0.68900,	0.15653,	0.22137, 	0.16130, 	0.00000
0.68950,	0.15547,	0.21987, 	0.16027, 	0.00000
0.69000,	0.15590,	0.22047, 	0.16074, 	0.00000
0.69050,	0.15683,	0.22179, 	0.16171, 	0.00000
0.69100,	0.15643,	0.22123, 	0.16135, 	0.00000
0.69150,	0.15594,	0.22053, 	0.16089, 	0.00000
0.69200,	0.15878,	0.22456, 	0.16379, 	0.00000
0.69250,	0.15808,	0.22356, 	0.16313, 	0.00000
0.69300,	0.15866,	0.22438, 	0.16375, 	0.00000
0.69350,	0.15873,	0.22447, 	0.16386, 	0.00000
0.69400,	0.15947,	0.22553, 	0.16464, 	0.00000
0.69450,	0.15828,	0.22385, 	0.16349, 	0.00000
0.69500,	0.15837,	0.22397, 	0.16362, 	0.00000
0.69550,	0.15858,	0.22427, 	0.16387, 	0.00000
0.69600,	0.15977,	0.22596, 	0.16511, 	0.00000
0.69650,	0.15817,	0.22369, 	0.16354, 	0.00000
0.69700,	0.16043,	0.22688, 	0.16585, 	0.00000
0.69750,	0.15911,	0.22502, 	0.16457, 	0.00000
0.69800,	0.15993,	0.22618, 	0.16543, 	0.00000
0.69850,	0.16023,	0.22660, 	0.16578, 	0.00000
0.69900,	0.16196,	0.22904, 	0.16755, 	0.00000
0.69950,	0.15923,	0.22519, 	0.16485, 	0.00000
0.70000,	0.15942,	0.22546, 	0.16509, 	0.00000
0.70050,	0.16053,	0.22702, 	0.16624, 	0.00000
0.70100,	0.16123,	0.22802, 	0.16700, 	0.00000
0.70150,	0.16053,	0.22703, 	0.16634, 	0.00000
0.70200,	0.16263,	0.23000, 	0.16849, 	0.00000
0.70250,	0.16163,	0.22858, 	0.16753, 	0.00000
0.70300,	0.16238,	0.22964, 	0.16832, 	0.00000
0.70350,	0.16102,	0.22772, 	0.16701, 	0.00000
0.70400,	0.16317,	0.23075, 	0.16921, 	0.00000
0.70450,	0.16420,	0.23221, 	0.17029, 	0.00000
0.70500,	0.16167,	0.22863, 	0.16779, 	0.00000
0.70550,	0.16408,	0.23204, 	0.17026, 	0.00000
0.70600,	0.16440,	0.23249, 	0.17062, 	0.00000
0.70650,	0.16487,	0.23316, 	0.17115, 	0.00000
0.70700,	0.16310,	0.23066, 	0.16941, 	0.00000
0.70750,	0.16477,	0.23302, 	0.17114, 	0.00000
0.70800,	0.16616,	0.23499, 	0.17259, 	0.00000
0.70850,	0.16539,	0.23390, 	0.17186, 	0.00000
0.70900,	0.16510,	0.23349, 	0.17161, 	0.00000
0.70950,	0.16501,	0.23335, 	0.17156, 	0.00000
0.71000,	0.16600,	0.23476, 	0.17262, 	0.00000
0.71050,	0.16567,	0.23430, 	0.17233, 	0.00000
0.71100,	0.16609,	0.23489, 	0.17280, 	0.00000
0.71150,	0.16624,	0.23510, 	0.17300, 	0.00000
0.71200,	0.16580,	0.23448, 	0.17261, 	0.00000
0.71250,	0.16675,	0.23582, 	0.17361, 	0.00000
0.71300,	0.16614,	0.23495, 	0.17304, 	0.00000
0.71350,	0.16814,	0.23779, 	0.17511, 	0.00000
0.71400,	0.16686,	0.23597, 	0.17386, 	0.00000
0.71450,	0.16765,	0.23710, 	0.17471, 	0.00000
0.71500,	0.16848,	0.23827, 	0.17561, 	0.00000
0.71550,	0.16726,	0.23654, 	0.17443, 	0.00000
0.71600,	0.16976,	0.24008, 	0.17700, 	0.00000
0.71650,	0.16804,	0.23764, 	0.17531, 	0.00000
0.71700,	0.16876,	0.23866, 	0.17608, 	0.00000
0.71750,	0.16920,	0.23928, 	0.17659, 	0.00000
0.71800,	0.16940,	0.23957, 	0.17683, 	0.00000
0.71850,	0.16951,	0.23972, 	0.17700, 	0.00000
0.71900,	0.17134,	0.24232, 	0.17890, 	0.00000
0.71950,	0.17087,	0.24164, 	0.17847, 	0.00000
0.72000,	0.16966,	0.23994, 	0.17731, 	0.00000
0.72050,	0.16954,	0.23977, 	0.17724, 	0.00000
0.72100,	0.17251,	0.24396, 	0.18028, 	0.00000
0.72150,	0.17032,	0.24087, 	0.17814, 	0.00000
0.72200,	0.16981,	0.24015, 	0.17767, 	0.00000
0.72250,	0.17205,	0.24332, 	0.17998, 	0.00000
0.72300,	0.17089,	0.24168, 	0.17887, 	0.00000
0.72350,	0.17105,	0.24190, 	0.17908, 	0.00000
0.72400,	0.17240,	0.24381, 	0.18050, 	0.00000
0.72450,	0.17218,	0.24350, 	0.18033, 	0.00000
0.72500,	0.17301,	0.24467, 	0.18122, 	0.00000
0.72550,	0.17241,	0.24382, 	0.18067, 	0.00000
0.72600,	0.17178,	0.24294, 	0.18010, 	0.00000
0.72650,	0.17239,	0.24380, 	0.18077, 	0.00000
0.72700,	0.17088,	0.24166, 	0.17930, 	0.00000
0.72750,	0.17255,	0.24403, 	0.18106, 	0.00000
0.72800,	0.17270,	0.24424, 	0.18125, 	0.00000
0.72850,	0.17270,	0.24423, 	0.18131, 	0.00000
0.72900,	0.17310,	0.24481, 	0.18177, 	0.00000
0.72950,	0.17262,	0.24412, 	0.18134, 	0.00000
0.73000,	0.17417,	0.24631, 	0.18296, 	0.00000
0.73050,	0.17473,	0.24710, 	0.18359, 	0.00000
0.73100,	0.17394,	0.24599, 	0.18285, 	0.00000
0.73150,	0.17551,	0.24820, 	0.18450, 	0.00000
0.73200,	0.17398,	0.24604, 	0.18301, 	0.00000
0.73250,	0.17475,	0.24713, 	0.18384, 	0.00000
0.73300,	0.17514,	0.24769, 	0.18431, 	0.00000
0.73350,	0.17390,	0.24593, 	0.18311, 	0.00000
0.73400,	0.17548,	0.24817, 	0.18477, 	0.00000
0.73450,	0.17431,	0.24651, 	0.18363, 	0.00000
0.73500,	0.17449,	0.24676, 	0.18388, 	0.00000
0.73550,	0.17490,	0.24735, 	0.18437, 	0.00000
0.73600,	0.17599,	0.24888, 	0.18552, 	0.00000
0.73650,	0.17658,	0.24972, 	0.18619, 	0.00000
0.73700,	0.17442,	0.24666, 	0.18406, 	0.00000
0.73750,	0.17697,	0.25027, 	0.18669, 	0.00000
0.73800,	0.17651,	0.24963, 	0.18631, 	0.00000
0.73850,	0.17546,	0.24814, 	0.18532, 	0.00000
0.73900,	0.17763,	0.25120, 	0.18756, 	0.00000
0.73950,	0.17608,	0.24901, 	0.18605, 	0.00000
0.74000,	0.17521,	0.24778, 	0.18525, 	0.00000
0.74050,	0.17916,	0.25336, 	0.18929, 	0.00000
0.74100,	0.17663,	0.24979, 	0.18681, 	0.00000
0.74150,	0.17820,	0.25202, 	0.18846, 	0.00000
0.74200,	0.17811,	0.25188, 	0.18844, 	0.00000
0.74250,	0.17771,	0.25132, 	0.18809, 	0.00000
0.74300,	0.17925,	0.25349, 	0.18973, 	0.00000
0.74350,	0.17666,	0.24983, 	0.18716, 	0.00000
0.74400,	0.17835,	0.25223, 	0.18893, 	0.00000
0.74450,	0.17791,	0.25160, 	0.18856, 	0.00000
0.74500,	0.17976,	0.25423, 	0.19051, 	0.00000
0.74550,	0.17839,	0.25228, 	0.18918, 	0.00000
0.74600,	0.17769,	0.25129, 	0.18855, 	0.00000
0.74650,	0.17971,	0.25415, 	0.19067, 	0.00000
0.74700,	0.17981,	0.25430, 	0.19083, 	0.00000
0.74750,	0.17913,	0.25333, 	0.19020, 	0.00000
0.74800,	0.17825,	0.25209, 	0.18936, 	0.00000
0.74850,	0.17880,	0.25287, 	0.19000, 	0.00000
0.74900,	0.17927,	0.25353, 	0.19056, 	0.00000
0.74950,	0.17876,	0.25280, 	0.19010, 	0.00000
0.75000,	0.17961,	0.25400, 	0.19104, 	0.00000
0.75050,	0.17965,	0.25407, 	0.19114, 	0.00000
0.75100,	0.17875,	0.25279, 	0.19031, 	0.00000
0.75150,	0.18067,	0.25550, 	0.19232, 	0.00000
0.75200,	0.17969,	0.25411, 	0.19140, 	0.00000
0.75250,	0.18147,	0.25664, 	0.19328, 	0.00000
0.75300,	0.17943,	0.25376, 	0.19128, 	0.00000
0.75350,	0.18012,	0.25473, 	0.19206, 	0.00000
0.75400,	0.17890,	0.25301, 	0.19089, 	0.00000
0.75450,	0.18020,	0.25484, 	0.19228, 	0.00000
0.75500,	0.17850,	0.25244, 	0.19062, 	0.00000
0.75550,	0.18068,	0.25553, 	0.19293, 	0.00000
0.75600,	0.17854,	0.25250, 	0.19082, 	0.00000
0.75650,	0.18133,	0.25645, 	0.19374, 	0.00000
0.75700,	0.18001,	0.25457, 	0.19244, 	0.00000
0.75750,	0.18216,	0.25761, 	0.19473, 	0.00000
0.75800,	0.18257,	0.25820, 	0.19522, 	0.00000
0.75850,	0.18068,	0.25552, 	0.19337, 	0.00000
0.75900,	0.18123,	0.25629, 	0.19401, 	0.00000
0.75950,	0.18101,	0.25599, 	0.19386, 	0.00000
0.76000,	0.18163,	0.25686, 	0.19457, 	0.00000
0.76050,	0.17960,	0.25400, 	0.19258, 	0.00000
0.76100,	0.18044,	0.25518, 	0.19349, 	0.00000
0.76150,	0.18272,	0.25841, 	0.19591, 	0.00000
0.76200,	0.18111,	0.25614, 	0.19435, 	0.00000
0.76250,	0.18270,	0.25837, 	0.19606, 	0.00000
0.76300,	0.18157,	0.25677, 	0.19497, 	0.00000
0.76350,	0.18053,	0.25531, 	0.19398, 	0.00000
0.76400,	0.18113,	0.25615, 	0.19469, 	0.00000
0.76450,	0.18324,	0.25914, 	0.19692, 	0.00000
0.76500,	0.18466,	0.26116, 	0.19845, 	0.00000
0.76550,	0.18223,	0.25772, 	0.19604, 	0.00000
0.76600,	0.18379,	0.25992, 	0.19771, 	0.00000
0.76650,	0.18161,	0.25683, 	0.19557, 	0.00000
0.76700,	0.18315,	0.25901, 	0.19722, 	0.00000
0.76750,	0.18247,	0.25805, 	0.19662, 	0.00000
0.76800,	0.18095,	0.25590, 	0.19514, 	0.00000
0.76850,	0.18111,	0.25612, 	0.19538, 	0.00000
0.76900,	0.18151,	0.25670, 	0.19588, 	0.00000
0.76950,	0.18529,	0.26204, 	0.19980, 	0.00000
0.77000,	0.18133,	0.25643, 	0.19585, 	0.00000
0.77050,	0.18112,	0.25615, 	0.19572, 	0.00000
0.77100,	0.18227,	0.25777, 	0.19699, 	0.00000
0.77150,	0.18011,	0.25472, 	0.19487, 	0.00000
0.77200,	0.18298,	0.25878, 	0.19788, 	0.00000
0.77250,	0.18391,	0.26008, 	0.19891, 	0.00000
0.77300,	0.18159,	0.25681, 	0.19662, 	0.00000
0.77350,	0.18181,	0.25711, 	0.19694, 	0.00000
0.77400,	0.18371,	0.25981, 	0.19897, 	0.00000
0.77450,	0.18297,	0.25877, 	0.19829, 	0.00000
0.77500,	0.18336,	0.25931, 	0.19880, 	0.00000
0.77550,	0.18277,	0.25848, 	0.19827, 	0.00000
0.77600,	0.18470,	0.26121, 	0.20033, 	0.00000
0.77650,	0.18372,	0.25982, 	0.19940, 	0.00000
0.77700,	0.18324,	0.25914, 	0.19902, 	0.00000
0.77750,	0.18169,	0.25694, 	0.19754, 	0.00000
0.77800,	0.18380,	0.25993, 	0.19976, 	0.00000
0.77850,	0.18131,	0.25641, 	0.19732, 	0.00000
0.77900,	0.18354,	0.25956, 	0.19967, 	0.00000
0.77950,	0.18261,	0.25825, 	0.19881, 	0.00000
0.78000,	0.18082,	0.25572, 	0.19708, 	0.00000
0.78050,	0.18198,	0.25736, 	0.19835, 	0.00000
0.78100,	0.18487,	0.26145, 	0.20142, 	0.00000
0.78150,	0.18414,	0.26041, 	0.20075, 	0.00000
0.78200,	0.18342,	0.25939, 	0.20012, 	0.00000
0.78250,	0.18287,	0.25862, 	0.19966, 	0.00000
0.78300,	0.18331,	0.25923, 	0.20020, 	0.00000
0.78350,	0.18407,	0.26032, 	0.20105, 	0.00000
0.78400,	0.18377,	0.25988, 	0.20084, 	0.00000
0.78450,	0.18271,	0.25839, 	0.19983, 	0.00000
0.78500,	0.18532,	0.26208, 	0.20261, 	0.00000
0.78550,	0.18304,	0.25886, 	0.20036, 	0.00000
0.78600,	0.18160,	0.25682, 	0.19898, 	0.00000
0.78650,	0.18484,	0.26140, 	0.20239, 	0.00000
0.78700,	0.18358,	0.25962, 	0.20122, 	0.00000
0.78750,	0.18148,	0.25666, 	0.19915, 	0.00000
0.78800,	0.18410,	0.26035, 	0.20193, 	0.00000
0.78850,	0.18345,	0.25943, 	0.20138, 	0.00000
0.78900,	0.18141,	0.25655, 	0.19936, 	0.00000
0.78950,	0.18481,	0.26136, 	0.20296, 	0.00000
0.79000,	0.18428,	0.26061, 	0.20249, 	0.00000
0.79050,	0.18429,	0.26062, 	0.20264, 	0.00000
0.79100,	0.18513,	0.26182, 	0.20357, 	0.00000
0.79150,	0.18328,	0.25920, 	0.20178, 	0.00000
0.79200,	0.18254,	0.25816, 	0.20110, 	0.00000
0.79250,	0.18176,	0.25704, 	0.20040, 	0.00000
0.79300,	0.18435,	0.26071, 	0.20319, 	0.00000
0.79350,	0.18351,	0.25952, 	0.20244, 	0.00000
0.79400,	0.18454,	0.26098, 	0.20359, 	0.00000
0.79450,	0.18348,	0.25949, 	0.20259, 	0.00000
0.79500,	0.18199,	0.25737, 	0.20118, 	0.00000
0.79550,	0.18256,	0.25818, 	0.20184, 	0.00000
0.79600,	0.18190,	0.25724, 	0.20127, 	0.00000
0.79650,	0.18385,	0.26001, 	0.20342, 	0.00000
0.79700,	0.18117,	0.25622, 	0.20073, 	0.00000
0.79750,	0.18611,	0.26320, 	0.20597, 	0.00000
0.79800,	0.18257,	0.25820, 	0.20238, 	0.00000
0.79850,	0.18183,	0.25715, 	0.20171, 	0.00000
0.79900,	0.18381,	0.25995, 	0.20386, 	0.00000
0.79950,	0.18263,	0.25828, 	0.20277, 	0.00000
0.80000,	0.18445,	0.26085, 	0.20478, 	0.00000
0.80050,	0.18437,	0.26074, 	0.20479, 	0.00000
0.80100,	0.18379,	0.25992, 	0.20430, 	0.00000
0.80150,	0.18338,	0.25934, 	0.20397, 	0.00000
0.80200,	0.18113,	0.25615, 	0.20176, 	0.00000
0.80250,	0.18400,	0.26021, 	0.20485, 	0.00000
0.80300,	0.18208,	0.25750, 	0.20294, 	0.00000
0.80350,	0.18280,	0.25851, 	0.20382, 	0.00000
0.80400,	0.18025,	0.25492, 	0.20125, 	0.00000
0.80450,	0.18384,	0.25999, 	0.20512, 	0.00000
0.80500,	0.18249,	0.25808, 	0.20380, 	0.00000
0.80550,	0.18307,	0.25890, 	0.20449, 	0.00000
0.80600,	0.18420,	0.26050, 	0.20587, 	0.00000
0.80650,	0.18173,	0.25701, 	0.20338, 	0.00000
0.80700,	0.18496,	0.26158, 	0.20681, 	0.00000
0.80750,	0.18118,	0.25623, 	0.20300, 	0.00000
0.80800,	0.18439,	0.26077, 	0.20645, 	0.00000
0.80850,	0.17989,	0.25441, 	0.20187, 	0.00000
0.80900,	0.18263,	0.25827, 	0.20490, 	0.00000
0.80950,	0.18029,	0.25497, 	0.20254, 	0.00000
0.81000,	0.18197,	0.25734, 	0.20443, 	0.00000
0.81050,	0.18215,	0.25760, 	0.20474, 	0.00000
0.81100,	0.18168,	0.25694, 	0.20434, 	0.00000
0.81150,	0.17861,	0.25259, 	0.20124, 	0.00000
0.81200,	0.18064,	0.25547, 	0.20349, 	0.00000
0.81250,	0.18230,	0.25781, 	0.20534, 	0.00000
0.81300,	0.18129,	0.25639, 	0.20437, 	0.00000
0.81350,	0.18154,	0.25674, 	0.20481, 	0.00000
0.81400,	0.18155,	0.25675, 	0.20490, 	0.00000
0.81450,	0.17939,	0.25370, 	0.20277, 	0.00000
0.81500,	0.18036,	0.25507, 	0.20394, 	0.00000
0.81550,	0.17868,	0.25269, 	0.20224, 	0.00000
0.81600,	0.17910,	0.25328, 	0.20280, 	0.00000
0.81650,	0.18239,	0.25794, 	0.20637, 	0.00000
0.81700,	0.17961,	0.25400, 	0.20361, 	0.00000
0.81750,	0.17977,	0.25423, 	0.20389, 	0.00000
0.81800,	0.17938,	0.25368, 	0.20363, 	0.00000
0.81850,	0.18230,	0.25781, 	0.20682, 	0.00000
0.81900,	0.18055,	0.25533, 	0.20508, 	0.00000
0.81950,	0.18024,	0.25489, 	0.20489, 	0.00000
0.82000,	0.18242,	0.25798, 	0.20732, 	0.00000
0.82050,	0.18085,	0.25576, 	0.20578, 	0.00000
0.82100,	0.18138,	0.25650, 	0.20643, 	0.00000
0.82150,	0.17920,	0.25343, 	0.20428, 	0.00000
0.82200,	0.18206,	0.25747, 	0.20745, 	0.00000
0.82250,	0.18020,	0.25485, 	0.20561, 	0.00000
0.82300,	0.17833,	0.25220, 	0.20372, 	0.00000
0.82350,	0.17792,	0.25161, 	0.20345, 	0.00000
0.82400,	0.17779,	0.25144, 	0.20351, 	0.00000
0.82450,	0.17959,	0.25398, 	0.20549, 	0.00000
0.82500,	0.17845,	0.25237, 	0.20433, 	0.00000
0.82550,	0.17963,	0.25404, 	0.20570, 	0.00000
0.82600,	0.17696,	0.25026, 	0.20307, 	0.00000
0.82650,	0.18115,	0.25619, 	0.20762, 	0.00000
0.82700,	0.17736,	0.25082, 	0.20381, 	0.00000
0.82750,	0.17756,	0.25111, 	0.20411, 	0.00000
0.82800,	0.17854,	0.25249, 	0.20523, 	0.00000
0.82850,	0.18057,	0.25536, 	0.20761, 	0.00000
0.82900,	0.17886,	0.25294, 	0.20596, 	0.00000
0.82950,	0.17685,	0.25010, 	0.20393, 	0.00000
0.83000,	0.17773,	0.25135, 	0.20494, 	0.00000
0.83050,	0.17576,	0.24857, 	0.20300, 	0.00000
0.83100,	0.17592,	0.24879, 	0.20334, 	0.00000
0.83150,	0.17637,	0.24942, 	0.20399, 	0.00000
0.83200,	0.17631,	0.24934, 	0.20401, 	0.00000
0.83250,	0.17708,	0.25043, 	0.20493, 	0.00000
0.83300,	0.17272,	0.24427, 	0.20052, 	0.00000
0.83350,	0.17632,	0.24935, 	0.20440, 	0.00000
0.83400,	0.17455,	0.24685, 	0.20267, 	0.00000
0.83450,	0.17134,	0.24231, 	0.19943, 	0.00000
0.83500,	0.17468,	0.24704, 	0.20316, 	0.00000
0.83550,	0.17638,	0.24944, 	0.20503, 	0.00000
0.83600,	0.17342,	0.24526, 	0.20201, 	0.00000
0.83650,	0.17349,	0.24535, 	0.20226, 	0.00000
0.83700,	0.17566,	0.24842, 	0.20468, 	0.00000
0.83750,	0.17508,	0.24760, 	0.20417, 	0.00000
0.83800,	0.17529,	0.24790, 	0.20456, 	0.00000
0.83850,	0.17241,	0.24383, 	0.20165, 	0.00000
0.83900,	0.17647,	0.24957, 	0.20611, 	0.00000
0.83950,	0.17363,	0.24555, 	0.20324, 	0.00000
0.84000,	0.17554,	0.24825, 	0.20542, 	0.00000
0.84050,	0.17350,	0.24536, 	0.20334, 	0.00000
0.84100,	0.17271,	0.24425, 	0.20268, 	0.00000
0.84150,	0.17241,	0.24382, 	0.20254, 	0.00000
0.84200,	0.17276,	0.24431, 	0.20304, 	0.00000
0.84250,	0.17213,	0.24343, 	0.20258, 	0.00000
0.84300,	0.17174,	0.24288, 	0.20219, 	0.00000
0.84350,	0.17264,	0.24415, 	0.20344, 	0.00000
0.84400,	0.16998,	0.24039, 	0.20062, 	0.00000
0.84450,	0.17438,	0.24661, 	0.20558, 	0.00000
0.84500,	0.16936,	0.23950, 	0.20028, 	0.00000
0.84550,	0.17035,	0.24091, 	0.20147, 	0.00000
0.84600,	0.17153,	0.24258, 	0.20291, 	0.00000
0.84650,	0.16903,	0.23904, 	0.20039, 	0.00000
0.84700,	0.16820,	0.23788, 	0.19965, 	0.00000
0.84750,	0.17010,	0.24056, 	0.20184, 	0.00000
0.84800,	0.16959,	0.23984, 	0.20154, 	0.00000
0.84850,	0.17326,	0.24502, 	0.20547, 	0.00000
0.84900,	0.17262,	0.24412, 	0.20504, 	0.00000
0.84950,	0.17167,	0.24277, 	0.20417, 	0.00000
0.85000,	0.16844,	0.23820, 	0.20076, 	0.00000
0.85050,	0.16939,	0.23956, 	0.20200, 	0.00000
0.85100,	0.17143,	0.24244, 	0.20442, 	0.00000
0.85150,	0.17165,	0.24275, 	0.20482, 	0.00000
0.85200,	0.16775,	0.23723, 	0.20060, 	0.00000
0.85250,	0.16578,	0.23445, 	0.19882, 	0.00000
0.85300,	0.17075,	0.24148, 	0.20422, 	0.00000
0.85350,	0.16767,	0.23713, 	0.20119, 	0.00000
0.85400,	0.16589,	0.23461, 	0.19926, 	0.00000
0.85450,	0.16931,	0.23943, 	0.20315, 	0.00000
0.85500,	0.16454,	0.23270, 	0.19818, 	0.00000
0.85550,	0.16433,	0.23240, 	0.19805, 	0.00000
0.85600,	0.16530,	0.23378, 	0.19936, 	0.00000
0.85650,	0.16620,	0.23504, 	0.20047, 	0.00000
0.85700,	0.16477,	0.23302, 	0.19913, 	0.00000
0.85750,	0.16951,	0.23972, 	0.20451, 	0.00000
0.85800,	0.16718,	0.23643, 	0.20209, 	0.00000
0.85850,	0.16463,	0.23282, 	0.19947, 	0.00000
0.85900,	0.16389,	0.23177, 	0.19877, 	0.00000
0.85950,	0.16157,	0.22850, 	0.19628, 	0.00000
0.86000,	0.16308,	0.23063, 	0.19825, 	0.00000
0.86050,	0.16225,	0.22945, 	0.19746, 	0.00000
0.86100,	0.16805,	0.23766, 	0.20410, 	0.00000
0.86150,	0.16365,	0.23143, 	0.19931, 	0.00000
0.86200,	0.16092,	0.22757, 	0.19649, 	0.00000
0.86250,	0.16256,	0.22990, 	0.19838, 	0.00000
0.86300,	0.16039,	0.22682, 	0.19622, 	0.00000
0.86350,	0.16362,	0.23140, 	0.20004, 	0.00000
0.86400,	0.16006,	0.22636, 	0.19617, 	0.00000
0.86450,	0.16077,	0.22736, 	0.19729, 	0.00000
0.86500,	0.15851,	0.22417, 	0.19486, 	0.00000
0.86550,	0.15962,	0.22574, 	0.19627, 	0.00000
0.86600,	0.16051,	0.22699, 	0.19742, 	0.00000
0.86650,	0.16084,	0.22747, 	0.19797, 	0.00000
0.86700,	0.15810,	0.22358, 	0.19506, 	0.00000
0.86750,	0.15912,	0.22504, 	0.19637, 	0.00000
0.86800,	0.15981,	0.22600, 	0.19740, 	0.00000
0.86850,	0.15888,	0.22469, 	0.19653, 	0.00000
0.86900,	0.16079,	0.22739, 	0.19887, 	0.00000
0.86950,	0.15918,	0.22512, 	0.19731, 	0.00000
0.87000,	0.15874,	0.22449, 	0.19687, 	0.00000
0.87050,	0.15890,	0.22472, 	0.19719, 	0.00000
0.87100,	0.15686,	0.22183, 	0.19511, 	0.00000
0.87150,	0.15847,	0.22411, 	0.19715, 	0.00000
0.87200,	0.15490,	0.21906, 	0.19323, 	0.00000
0.87250,	0.16178,	0.22879, 	0.20121, 	0.00000
0.87300,	0.15589,	0.22047, 	0.19475, 	0.00000
0.87350,	0.16050,	0.22698, 	0.20021, 	0.00000
0.87400,	0.15153,	0.21429, 	0.19011, 	0.00000
0.87450,	0.15752,	0.22277, 	0.19718, 	0.00000
0.87500,	0.15565,	0.22013, 	0.19512, 	0.00000
0.87550,	0.15746,	0.22268, 	0.19757, 	0.00000
0.87600,	0.15235,	0.21546, 	0.19192, 	0.00000
0.87650,	0.15563,	0.22009, 	0.19595, 	0.00000
0.87700,	0.15492,	0.21909, 	0.19512, 	0.00000
0.87750,	0.15913,	0.22505, 	0.20027, 	0.00000
0.87800,	0.15375,	0.21744, 	0.19417, 	0.00000
0.87850,	0.15403,	0.21783, 	0.19471, 	0.00000
0.87900,	0.15280,	0.21609, 	0.19335, 	0.00000
0.87950,	0.15405,	0.21786, 	0.19507, 	0.00000
0.88000,	0.15148,	0.21423, 	0.19244, 	0.00000
0.88050,	0.15151,	0.21426, 	0.19262, 	0.00000
0.88100,	0.15180,	0.21468, 	0.19302, 	0.00000
0.88150,	0.14977,	0.21181, 	0.19104, 	0.00000
0.88200,	0.15064,	0.21304, 	0.19244, 	0.00000
0.88250,	0.14725,	0.20825, 	0.18857, 	0.00000
0.88300,	0.14947,	0.21138, 	0.19110, 	0.00000
0.88350,	0.14978,	0.21182, 	0.19198, 	0.00000
0.88400,	0.14796,	0.20925, 	0.18994, 	0.00000
0.88450,	0.14712,	0.20806, 	0.18926, 	0.00000
0.88500,	0.14652,	0.20721, 	0.18851, 	0.00000
0.88550,	0.14509,	0.20519, 	0.18719, 	0.00000
0.88600,	0.14914,	0.21091, 	0.19201, 	0.00000
0.88650,	0.14600,	0.20648, 	0.18866, 	0.00000
0.88700,	0.14849,	0.20999, 	0.19195, 	0.00000
0.88750,	0.14434,	0.20413, 	0.18729, 	0.00000
0.88800,	0.14712,	0.20806, 	0.19061, 	0.00000
0.88850,	0.14480,	0.20477, 	0.18804, 	0.00000
0.88900,	0.14595,	0.20641, 	0.18971, 	0.00000
0.88950,	0.14816,	0.20954, 	0.19243, 	0.00000
0.89000,	0.14632,	0.20692, 	0.19038, 	0.00000
0.89050,	0.14457,	0.20445, 	0.18857, 	0.00000
0.89100,	0.14401,	0.20366, 	0.18812, 	0.00000
0.89150,	0.14335,	0.20272, 	0.18774, 	0.00000
0.89200,	0.14488,	0.20490, 	0.18968, 	0.00000
0.89250,	0.14182,	0.20056, 	0.18623, 	0.00000
0.89300,	0.14088,	0.19924, 	0.18536, 	0.00000
0.89350,	0.14187,	0.20064, 	0.18705, 	0.00000
0.89400,	0.14423,	0.20397, 	0.18990, 	0.00000
0.89450,	0.14401,	0.20366, 	0.18974, 	0.00000
0.89500,	0.14109,	0.19953, 	0.18664, 	0.00000
0.89550,	0.14187,	0.20064, 	0.18761, 	0.00000
0.89600,	0.14019,	0.19826, 	0.18590, 	0.00000
0.89650,	0.14154,	0.20017, 	0.18768, 	0.00000
0.89700,	0.14079,	0.19911, 	0.18721, 	0.00000
0.89750,	0.13688,	0.19357, 	0.18269, 	0.00000
0.89800,	0.13769,	0.19472, 	0.18378, 	0.00000
0.89850,	0.13919,	0.19684, 	0.18594, 	0.00000
0.89900,	0.13455,	0.19028, 	0.18044, 	0.00000
0.89950,	0.13590,	0.19219, 	0.18234, 	0.00000
0.90000,	0.13484,	0.19069, 	0.18140, 	0.00000
0.90050,	0.13487,	0.19074, 	0.18149, 	0.00000
0.90100,	0.13521,	0.19121, 	0.18219, 	0.00000
0.90150,	0.13203,	0.18671, 	0.17879, 	0.00000
0.90200,	0.13356,	0.18888, 	0.18085, 	0.00000
0.90250,	0.13372,	0.18910, 	0.18106, 	0.00000
0.90300,	0.12939,	0.18299, 	0.17586, 	0.00000
0.90350,	0.13166,	0.18619, 	0.17861, 	0.00000
0.90400,	0.13086,	0.18507, 	0.17798, 	0.00000
0.90450,	0.13205,	0.18675, 	0.17996, 	0.00000
0.90500,	0.12697,	0.17956, 	0.17423, 	0.00000
0.90550,	0.12886,	0.18223, 	0.17668, 	0.00000
0.90600,	0.13191,	0.18655, 	0.18067, 	0.00000
0.90650,	0.13135,	0.18576, 	0.18016, 	0.00000
0.90700,	0.13042,	0.18444, 	0.17944, 	0.00000
0.90750,	0.12954,	0.18320, 	0.17840, 	0.00000
0.90800,	0.12584,	0.17796, 	0.17389, 	0.00000
0.90850,	0.12839,	0.18157, 	0.17769, 	0.00000
0.90900,	0.12664,	0.17909, 	0.17546, 	0.00000
0.90950,	0.12623,	0.17851, 	0.17510, 	0.00000
0.91000,	0.12604,	0.17824, 	0.17533, 	0.00000
0.91050,	0.12317,	0.17419, 	0.17209, 	0.00000
0.91100,	0.12528,	0.17717, 	0.17446, 	0.00000
0.91150,	0.12329,	0.17436, 	0.17263, 	0.00000
0.91200,	0.12385,	0.17514, 	0.17337, 	0.00000
0.91250,	0.12654,	0.17895, 	0.17725, 	0.00000
0.91300,	0.12234,	0.17301, 	0.17195, 	0.00000
0.91350,	0.12359,	0.17478, 	0.17367, 	0.00000
0.91400,	0.12536,	0.17728, 	0.17646, 	0.00000
0.91450,	0.11955,	0.16907, 	0.16948, 	0.00000
0.91500,	0.12387,	0.17517, 	0.17496, 	0.00000
0.91550,	0.12294,	0.17387, 	0.17372, 	0.00000
0.91600,	0.12016,	0.16993, 	0.17095, 	0.00000
0.91650,	0.11946,	0.16895, 	0.17005, 	0.00000
0.91700,	0.11871,	0.16789, 	0.16912, 	0.00000
0.91750,	0.12124,	0.17146, 	0.17277, 	0.00000
0.91800,	0.12169,	0.17209, 	0.17426, 	0.00000
0.91850,	0.11810,	0.16702, 	0.16925, 	0.00000
0.91900,	0.11740,	0.16603, 	0.16879, 	0.00000
0.91950,	0.11922,	0.16861, 	0.17119, 	0.00000
0.92000,	0.11694,	0.16538, 	0.16896, 	0.00000
0.92050,	0.11614,	0.16424, 	0.16785, 	0.00000
0.92100,	0.11409,	0.16134, 	0.16561, 	0.00000
0.92150,	0.11375,	0.16086, 	0.16541, 	0.00000
0.92200,	0.11456,	0.16202, 	0.16640, 	0.00000
0.92250,	0.11563,	0.16352, 	0.16845, 	0.00000
0.92300,	0.11483,	0.16240, 	0.16750, 	0.00000
0.92350,	0.11182,	0.15814, 	0.16387, 	0.00000
0.92400,	0.11355,	0.16059, 	0.16658, 	0.00000
0.92450,	0.11193,	0.15829, 	0.16474, 	0.00000
0.92500,	0.11260,	0.15923, 	0.16595, 	0.00000
0.92550,	0.10806,	0.15282, 	0.15986, 	0.00000
0.92600,	0.10831,	0.15318, 	0.16066, 	0.00000
0.92650,	0.10917,	0.15439, 	0.16160, 	0.00000
0.92700,	0.10896,	0.15409, 	0.16189, 	0.00000
0.92750,	0.10988,	0.15539, 	0.16312, 	0.00000
0.92800,	0.11013,	0.15575, 	0.16403, 	0.00000
0.92850,	0.10816,	0.15296, 	0.16174, 	0.00000
0.92900,	0.10574,	0.14954, 	0.15856, 	0.00000
0.92950,	0.10599,	0.14990, 	0.15952, 	0.00000
0.93000,	0.10556,	0.14928, 	0.15886, 	0.00000
0.93050,	0.10560,	0.14934, 	0.15925, 	0.00000
0.93100,	0.10794,	0.15266, 	0.16275, 	0.00000
0.93150,	0.10455,	0.14785, 	0.15799, 	0.00000
0.93200,	0.10059,	0.14225, 	0.15337, 	0.00000
0.93250,	0.10415,	0.14729, 	0.15840, 	0.00000
0.93300,	0.10127,	0.14322, 	0.15490, 	0.00000
0.93350,	0.10093,	0.14273, 	0.15499, 	0.00000
0.93400,	0.09680,	0.13689, 	0.14905, 	0.00000
0.93450,	0.10063,	0.14231, 	0.15500, 	0.00000
0.93500,	0.09918,	0.14026, 	0.15308, 	0.00000
0.93550,	0.10119,	0.14311, 	0.15585, 	0.00000
0.93600,	0.09853,	0.13935, 	0.15318, 	0.00000
0.93650,	0.09852,	0.13933, 	0.15277, 	0.00000
0.93700,	0.09952,	0.14074, 	0.15477, 	0.00000
0.93750,	0.09508,	0.13446, 	0.14815, 	0.00000
0.93800,	0.09514,	0.13455, 	0.14949, 	0.00000
0.93850,	0.09470,	0.13392, 	0.14894, 	0.00000
0.93900,	0.09344,	0.13214, 	0.14763, 	0.00000
0.93950,	0.09416,	0.13316, 	0.14833, 	0.00000
0.94000,	0.09428,	0.13334, 	0.14919, 	0.00000
0.94050,	0.09106,	0.12877, 	0.14434, 	0.00000
0.94100,	0.09007,	0.12738, 	0.14331, 	0.00000
0.94150,	0.09245,	0.13074, 	0.14712, 	0.00000
0.94200,	0.09317,	0.13176, 	0.14913, 	0.00000
0.94250,	0.09043,	0.12789, 	0.14467, 	0.00000
0.94300,	0.08911,	0.12602, 	0.14316, 	0.00000
0.94350,	0.08693,	0.12294, 	0.14036, 	0.00000
0.94400,	0.09083,	0.12845, 	0.14714, 	0.00000
0.94450,	0.08899,	0.12585, 	0.14448, 	0.00000
0.94500,	0.08877,	0.12554, 	0.14416, 	0.00000
0.94550,	0.08751,	0.12375, 	0.14188, 	0.00000
0.94600,	0.08508,	0.12032, 	0.13889, 	0.00000
0.94650,	0.08667,	0.12258, 	0.14225, 	0.00000
0.94700,	0.08729,	0.12345, 	0.14301, 	0.00000
0.94750,	0.08286,	0.11718, 	0.13696, 	0.00200
0.94800,	0.08753,	0.12379, 	0.14433, 	0.00000
0.94850,	0.08315,	0.11759, 	0.13795, 	0.00000
0.94900,	0.08225,	0.11633, 	0.13629, 	0.00000
0.94950,	0.08311,	0.11754, 	0.13845, 	0.00000
0.95000,	0.08183,	0.11573, 	0.13723, 	0.00200
0.95050,	0.08201,	0.11597, 	0.13711, 	0.00000
0.95100,	0.08148,	0.11522, 	0.13708, 	0.00000
0.95150,	0.08149,	0.11525, 	0.13762, 	0.00000
0.95200,	0.07917,	0.11196, 	0.13458, 	0.00000
0.95250,	0.08039,	0.11368, 	0.13669, 	0.00000
0.95300,	0.07694,	0.10881, 	0.13243, 	0.00200
0.95350,	0.07900,	0.11173, 	0.13473, 	0.00000
0.95400,	0.07668,	0.10844, 	0.13083, 	0.00000
0.95450,	0.07667,	0.10843, 	0.13222, 	0.00200
0.95500,	0.07465,	0.10557, 	0.12951, 	0.00400
0.95550,	0.07469,	0.10563, 	0.13044, 	0.00200
0.95600,	0.07624,	0.10783, 	0.13206, 	0.00400
0.95650,	0.07306,	0.10333, 	0.12782, 	0.00400
0.95700,	0.07336,	0.10375, 	0.12801, 	0.00200
0.95750,	0.07166,	0.10134, 	0.12617, 	0.00400
0.95800,	0.07207,	0.10192, 	0.12591, 	0.00200
0.95850,	0.07135,	0.10091, 	0.12552, 	0.00000
0.95900,	0.07165,	0.10133, 	0.12576, 	0.00000
0.95950,	0.07198,	0.10180, 	0.12672, 	0.00200
0.96000,	0.07147,	0.10108, 	0.12757, 	0.00000
0.96050,	0.07004,	0.09905, 	0.12603, 	0.00400
0.96100,	0.06685,	0.09454, 	0.11892, 	0.00000
0.96150,	0.06602,	0.09336, 	0.11939, 	0.00600
0.96200,	0.06517,	0.09216, 	0.11815, 	0.00600
0.96250,	0.06754,	0.09551, 	0.12157, 	0.00400
0.96300,	0.06489,	0.09176, 	0.11853, 	0.00400
0.96350,	0.06330,	0.08952, 	0.11543, 	0.00800
0.96400,	0.06376,	0.09017, 	0.11691, 	0.01200
0.96450,	0.06437,	0.09103, 	0.11813, 	0.00200
0.96500,	0.06313,	0.08928, 	0.11708, 	0.00600
0.96550,	0.06038,	0.08539, 	0.11211, 	0.01000
0.96600,	0.06123,	0.08659, 	0.11471, 	0.00600
0.96650,	0.06168,	0.08723, 	0.11541, 	0.01400
0.96700,	0.05991,	0.08472, 	0.11274, 	0.01200
0.96750,	0.05980,	0.08458, 	0.11200, 	0.01200
0.96800,	0.06025,	0.08520, 	0.11466, 	0.01800
0.96850,	0.06164,	0.08718, 	0.11695, 	0.01000
0.96900,	0.05741,	0.08118, 	0.10941, 	0.01400
0.96950,	0.05568,	0.07875, 	0.10675, 	0.02000
0.97000,	0.05904,	0.08349, 	0.11436, 	0.02600
0.97050,	0.05632,	0.07965, 	0.11105, 	0.02200
0.97100,	0.05511,	0.07794, 	0.10774, 	0.03000
0.97150,	0.05508,	0.07790, 	0.10835, 	0.02200
0.97200,	0.05578,	0.07889, 	0.11026, 	0.02000
0.97250,	0.05444,	0.07699, 	0.10696, 	0.01600
0.97300,	0.05460,	0.07722, 	0.10879, 	0.02600
0.97350,	0.05121,	0.07242, 	0.10430, 	0.03800
0.97400,	0.05169,	0.07311, 	0.10444, 	0.03000
0.97450,	0.05241,	0.07413, 	0.10608, 	0.02800
0.97500,	0.05203,	0.07358, 	0.10479, 	0.03200
0.97550,	0.05092,	0.07201, 	0.10356, 	0.03400
0.97600,	0.05056,	0.07150, 	0.10231, 	0.03600
0.97650,	0.04698,	0.06644, 	0.09785, 	0.04400
0.97700,	0.04948,	0.06998, 	0.10351, 	0.05600
0.97750,	0.05063,	0.07160, 	0.10402, 	0.04600
0.97800,	0.04678,	0.06616, 	0.09836, 	0.06200
0.97850,	0.04778,	0.06758, 	0.09978, 	0.05600
0.97900,	0.04746,	0.06711, 	0.09861, 	0.06000
0.97950,	0.04669,	0.06602, 	0.09877, 	0.07000
0.98000,	0.04548,	0.06432, 	0.09639, 	0.05400
0.98050,	0.04668,	0.06601, 	0.09999, 	0.07600
0.98100,	0.04525,	0.06399, 	0.09683, 	0.06000
0.98150,	0.04615,	0.06526, 	0.10079, 	0.07000
0.98200,	0.04479,	0.06334, 	0.09654, 	0.07800
0.98250,	0.04477,	0.06331, 	0.09808, 	0.10000
0.98300,	0.04382,	0.06197, 	0.09666, 	0.11400
0.98350,	0.04381,	0.06196, 	0.10110, 	0.14400
0.98400,	0.04309,	0.06093, 	0.09745, 	0.12800
0.98450,	0.04198,	0.05937, 	0.09470, 	0.13600
0.98500,	0.03978,	0.05625, 	0.09161, 	0.14600
0.98550,	0.04208,	0.05951, 	0.09465, 	0.11800
0.98600,	0.04276,	0.06048, 	0.09756, 	0.18000
0.98650,	0.04198,	0.05937, 	0.09554, 	0.19600
0.98700,	0.03855,	0.05452, 	0.08760, 	0.15000
0.98750,	0.04032,	0.05703, 	0.09581, 	0.19000
0.98800,	0.03993,	0.05647, 	0.09255, 	0.19000
0.98850,	0.04087,	0.05780, 	0.09526, 	0.22200
0.98900,	0.03901,	0.05516, 	0.09321, 	0.23800
0.98950,	0.03727,	0.05271, 	0.08692, 	0.27000
0.99000,	0.03888,	0.05499, 	0.09013, 	0.28200
0.99050,	0.03815,	0.05396, 	0.08709, 	0.28000
0.99100,	0.03700,	0.05232, 	0.08418, 	0.28600
0.99150,	0.03675,	0.05198, 	0.08549, 	0.30800
0.99200,	0.03800,	0.05374, 	0.08829, 	0.35000
0.99250,	0.03713,	0.05251, 	0.08573, 	0.34000
0.99300,	0.03751,	0.05305, 	0.08482, 	0.38000
0.99350,	0.03649,	0.05161, 	0.08261, 	0.35000
0.99400,	0.03539,	0.05005, 	0.08154, 	0.39600
0.99450,	0.03624,	0.05125, 	0.08066, 	0.39600
0.99500,	0.03629,	0.05133, 	0.08016, 	0.45800
0.99550,	0.03704,	0.05238, 	0.07764, 	0.48200
0.99600,	0.03648,	0.05160, 	0.07478, 	0.46800
0.99650,	0.03618,	0.05117, 	0.07216, 	0.49600
0.99700,	0.03578,	0.05061, 	0.06880, 	0.54600
0.99750,	0.03556,	0.05029, 	0.06622, 	0.56200
0.99800,	0.03628,	0.05131, 	0.06515, 	0.56400
0.99850,	0.03586,	0.05071, 	0.05655, 	0.62400
0.99900,	0.03695,	0.05226, 	0.05428, 	0.63200
0.99950,	0.03542,	0.05009, 	0.04937, 	0.64200

Total running time = 1459.156s
